500 0.0346309430903243
501 0.0724059369098456
502 0.00248301555009153
503 0.0294019589660273
504 0.0295371715322347
505 0.0539518359024971
506 0.0570960237966741
507 0.0155502291009239
508 0.0423196039010599
509 0.0327136062729251
510 0.0421815390903973
511 0.0635106174381623
512 0.0376579440321986
513 0.0139011375822559
514 0.00940615275932453
515 0.0585974126521647
516 0.00572729029706971
517 0.0327871571663277
518 0.0190804695953126
519 0.0301452328456182
520 0.0343101869492298
521 0.041346283714677
522 0.057199905105427
523 0.0230925337248283
524 0.0351230963550846
525 0.0272110996168595
526 0.0051314857850928
527 0.0447388855012888
528 0.0567012518003662
529 0.0153452821923217
530 0.0316409528199317
531 -0.0113227910944261
532 0.0361167075403752
533 0.0380185039272167
534 0.0506150420666982
535 0.0194513904148846
536 0.0373994417806808
537 0.0291869715078163
538 0.0113936639804783
539 0.0644935183572358
540 -0.00234172470972948
541 0.0484428319640454
542 0.0531941018177539
543 0.000297079266433051
544 0.0340675968920448
545 0.024642086281169
546 0.0454270429075326
547 0.00829755645429362
548 -0.00171510892488333
549 0.0527980877289419
550 0.0443787501213501
551 0.0659717039349519
552 0.0735085269918801
553 0.0238551451245143
554 0.0179140926593461
555 0.00124631146876878
556 0.0185526709949538
557 0.0531905991492246
558 0.0754400392779222
559 0.0148237147058979
560 0.0420990491913898
561 0.0475237119039547
562 0.0382627923873338
563 0.00552393003099267
564 0.0236195963037308
565 0.0254457061739762
566 -0.00163021130613316
567 0.0552813039844626
568 0.0390349973796058
569 0.0423584175259896
570 0.0757158533844221
571 0.0234766585863979
572 0.059454959589521
573 0.0847444158723298
574 0.0307274768130996
575 0.0331577256806882
576 0.0608427726712321
577 0.0199337770634816
578 0.00504336385951281
579 0.0297366793794425
580 0.00389520712222705
581 0.00530607335297467
582 0.0575899549215769
583 0.043795938658844
584 0.0535789656723331
585 0.0459059300153882
586 0.0540158944415211
587 0.056604758788096
588 0.0658206820842313
589 0.0481473263637636
590 0.290495268139131
591 1.01359153837911
592 0.1793787221347
593 0.0328357296535656
594 0.0403248621488211
595 0.0297685979799815
596 0.0429447913260858
597 0.0296756949361366
598 0.0712318654792134
599 0.0159226726965353
600 0.0129262881744818
601 0.0301927813833881
602 0.0541859779256799
603 0.00840261714428472
604 -0.00600088243627
605 0.0546846150848498
606 0.0560604428935816
607 0.0165584055213468
608 0.065861748198758
609 0.0444527564407147
610 0.0652450086654604
611 0.0509890740576082
612 0.0227194111775705
613 0.0173578315886513
614 0.0371631463734382
615 0.0548027008287801
616 0.0139803912096853
617 0.0514173443200433
618 0.00262776616329042
619 0.0411436947845415
620 0.065168515852503
621 0.0262094190227023
622 0.0568449260336803
623 0.0379094937819876
624 0.044675837946826
625 0.0427824723992599
626 0.0638874757388819
627 0.016098121661624
628 0.0362548320926629
629 0.0346818563385772
630 0.0409947225244238
631 0.0277128181887175
632 0.0201365572664453
633 0.0133556852390996
634 0.0298889253006454
635 0.0624027649547792
636 0.021376254257263
637 0.0383799128680909
638 0.0196774835165268
639 0.0385051135820098
640 0.00724579796204548
641 0.0405838521094578
642 0.0359526289973778
643 0.0212544750787592
644 0.0633800616451429
645 0.022778857083977
646 0.0287473169568798
647 0.0105891462925889
648 0.00253938925018555
649 0.0306193611534675
650 0.0600599015180294
651 0.0582460117118892
652 0.0631879624697479
653 0.0424109264390081
654 0.0125803582608158
655 0.0224428795546536
656 0.0834541445240786
657 0.0165273408069043
658 0.0618117580027504
659 0.0115679063059132
660 0.0477647385683966
661 0.0516371049671615
662 0.0234115611475075
663 0.0562657504581815
664 0.036144022565862
665 0.0249881651186584
666 0.0309380684077956
667 0.00540940412378082
668 0.0873334211003572
669 0.0485536855955216
670 0.0740394514822105
671 0.0405038412147648
672 0.0130492740750764
673 0.060523323542315
674 0.0425055911160903
675 0.0238742830085633
676 0.0232324190229699
677 0.0226811845464126
678 0.0185670362102733
679 0.0273435228928173
680 0.0348309557845461
681 0.0829579413702239
682 0.0334530803199027
683 0.0116233750683891
684 0.0517429344064026
685 0.0422092893283446
686 0.0411341247315302
687 0.0385875880747219
688 0.0327942470584372
689 0.031047956888572
690 0.0487638508069694
691 0.0328703673664509
692 0.0324857969805529
693 0.0612462251281092
694 0.0311846320812513
695 0.028359726825252
696 0.0457243874613969
697 0.0474588253079372
698 0.0409050451485521
699 0.0349768371549621
700 0.0399502279322188
