500 0.0400211555300292
501 0.0329078149877044
502 0.0189343829010397
503 0.0209781053222329
504 0.0267332933218454
505 1.0133138757187e-05
506 0.0256165947343034
507 0.00379557677019426
508 0.0253076346223153
509 0.00735053781893089
510 0.0564101253834526
511 0.0406765950756763
512 0.018355707131537
513 0.0311020261586907
514 0.0417342472485683
515 0.0332093453797089
516 0.0361752776481805
517 0.0105198034462556
518 -0.000863780887049895
519 0.0152080143589993
520 0.0248757731065038
521 0.00665564939652867
522 0.030916332461946
523 0.02688875368215
524 0.0257746545924063
525 -0.00818829030300636
526 0.0307075110210556
527 -0.0106866233145872
528 0.0637334361405473
529 0.0379881593459083
530 0.0337697729346935
531 0.0344139607678049
532 0.0265960260675049
533 0.0259333219557994
534 0.0429759709738815
535 0.0265850280195313
536 0.0420257796854388
537 0.0480082357051184
538 0.069510141194831
539 0.0586953616467398
540 0.0458751878167283
541 0.0144674416337967
542 0.02394425350113
543 0.0243290517986557
544 0.0179423690599135
545 0.0351956307176267
546 0.0221248998496991
547 0.00124343842702439
548 0.0571787315945121
549 0.013646213513986
550 0.0257522191470879
551 0.0151451827405581
552 0.0468821123225594
553 0.00597689933159398
554 0.0351855489663823
555 0.0386554675939367
556 0.021516577982085
557 0.0514455161379642
558 0.0362327364586902
559 0.0681998645335461
560 0.0325168963037278
561 0.0274574411442803
562 0.0390313454613828
563 0.014297367544673
564 0.043368467552619
565 0.0550917205339285
566 0.0178725719691216
567 0.0540734728964368
568 0.0477420684409126
569 0.0424770404644633
570 -0.00175172628545138
571 0.0058744535108884
572 0.0198040137887451
573 0.0301752528695241
574 0.0657473892082454
575 0.0399624263844757
576 0.0146842073187944
577 0.0239446478533976
578 0.0322772274459399
579 0.0377005980944702
580 0.0329062870993322
581 0.0316710496875602
582 0.0546523319133931
583 0.0353319230106183
584 0.0413414348247444
585 0.0619027860651271
586 0.0271567631412371
587 -0.00806060130675344
588 0.0635187371454204
589 0.0857679562654363
590 0.0451808082548208
591 0.0648347907937351
592 0.0473811001559614
593 0.0212449314917132
594 0.0542319325014294
595 0.0256129018831985
596 0.0757469562879819
597 0.131041956252845
598 0.179805929878032
599 0.222318123749461
600 0.18211461899522
601 0.0951429782971041
602 0.0735591025466942
603 0.00457399844458051
604 0.0720440853655346
605 0.0108736367849059
606 0.0403170075664698
607 0.0208572012524449
608 0.0700833211803083
609 0.0714565081914209
610 0.0274830951024432
611 0.0592104368772235
612 0.000959697078380397
613 0.04477681502443
614 0.0446679047985474
615 0.0386207908011346
616 0.0255674396347491
617 0.0275915118617555
618 0.0387594428413372
619 0.00470473938871602
620 0.0210495299657985
621 0.0471722732425582
622 0.0238653265650839
623 0.0454162315894356
624 0.0368394875970191
625 0.0344196082911542
626 0.029672167968275
627 0.00846954403377594
628 0.0351004113391988
629 0.0382582586132718
630 0.0316820635816976
631 0.025085023294049
632 0.00799747223711878
633 0.0417441474108868
634 0.0985097941647927
635 0.0421282747249816
636 0.0376477279130658
637 -0.000576714365715903
638 0.0429041123583349
639 0.0128790585031415
640 0.0174958458753507
641 0.0192362003842611
642 0.0307737243922031
643 0.00877911873802927
644 0.00652838663231558
645 0.0645848659878113
646 0.028212484277316
647 0.00637155045328638
648 0.0528600563301281
649 0.0362247502787972
650 0.0207455599517624
651 0.00217019290264672
652 0.0802988597471961
653 0.00454169627465266
654 0.0461587065556587
655 0.0188308787379231
656 0.0211748191209623
657 0.0579697824755225
658 0.0924068487122828
659 0.0599968568520023
660 0.0431949309773217
661 0.0406425826425208
662 0.00679288041809854
663 0.0253013114890168
664 -0.00441996588688684
665 0.0620389489084895
666 0.0107370092739094
667 0.05434435722389
668 0.0266033329101203
669 0.0340783941865165
670 0.028334605872505
671 0.0314544562517507
672 0.0259595551385025
673 0.0108369014011091
674 0.00739137290599536
675 0.00904967818275858
676 -0.0074202317250714
677 0.0245752297121308
678 0.0530118099923658
679 0.0462207937765169
680 0.0374080024394424
681 0.0400106651750269
682 0.0237494737758168
683 0.0343479842047294
684 0.0047838943095823
685 0.0420579337183199
686 0.051925667582698
687 0.0417261274659033
688 0.0456074373433744
689 0.0465872067252866
690 0.0647777311813072
691 0.0458847995403786
692 0.00810591611368237
693 0.0442408994484507
694 0.0235657463001439
695 0.0141613050795145
696 0.0382322296945285
697 0.0470438923735892
698 0.0605592301214959
699 0.0613215943750182
700 -0.0152644027303904
