500 0.0544642203957254
501 0.071972936499358
502 0.043082502422915
503 0.0700896946506383
504 0.0605374951005118
505 0.0594088561475133
506 0.0767436682389626
507 0.0348730462802124
508 0.00621045114118935
509 0.0552275380401349
510 0.0312399125815029
511 0.0312714687633052
512 0.0724328796068896
513 0.0353646362971386
514 0.0365514729760543
515 0.0336618132055435
516 0.0548874951070229
517 0.0393400565926209
518 0.0748309683910906
519 0.0599795270268387
520 0.040448696602485
521 0.0126042627502019
522 0.0555889300001354
523 0.0368054484230162
524 0.0499833219429453
525 0.0391553717273666
526 0.0307481310397297
527 0.075022890099764
528 0.0416086302086037
529 0.0235318646602717
530 0.0593902837999574
531 0.0723219455134981
532 0.0226808645632153
533 0.0635071958581573
534 0.0376143180851763
535 0.0375614647521962
536 0.0449798132771621
537 0.0488344190160535
538 0
539 0.06891388329017
540 0.0432443092129981
541 0.0705201263103393
542 0.0616168713036907
543 0.0371365012731137
544 0.0399538540029474
545 0.0450126818776363
546 0.0471283425204705
547 0.0551408683891414
548 0.0243056381624721
549 0.0370693092979546
550 0.0327713430925558
551 0.0309495615072844
552 0.0171584098362308
553 0.0520594725230253
554 0.0468881863913368
555 0.0480856727150311
556 0.0333812264996485
557 0.0470847535048065
558 0.0627074218131117
559 0.0349886115082316
560 0.0409071970881588
561 0.0389718606932953
562 0.0692353356800783
563 0.0599112026696112
564 0.00886110519358067
565 0.0328330321817302
566 0.0301241388625859
567 0.0315824779676403
568 0.0654619562558839
569 0.0256186150180476
570 0.0520266766579739
571 0.0433287636330879
572 0.0474058048766208
573 0.0753659241966627
574 0.0432268270711583
575 0.0444512676839627
576 0.032842089745356
577 0.0641885207995967
578 0.0129871370165642
579 0.0179183231657007
580 0.012153960443157
581 0.0702044851907554
582 0.0843162537819781
583 0.0297798785382248
584 0.044699628790312
585 0.0470100397063706
586 0.00019092755749528
587 0.0586958213545755
588 0.0697641532399584
589 0.0392770602981063
590 0.056656224582815
591 0.080176718921324
592 0.0622687870651452
593 0.0203359042224839
594 0.0440579865904925
595 0.0612605317656488
596 0.0531137388262764
597 0.053042696727612
598 0.0725589656873444
599 0.0352825422623208
600 0.074257114848507
601 0.0475128889295606
602 0.0304720408439149
603 0.0438918227192796
604 0.0496404424595215
605 0.049737125660506
606 0.039641611586331
607 0.0286317763968954
608 0.0664339413894581
609 0.0626953985904883
610 0.0722017280997764
611 0.0503390789979934
612 0.0566613089983671
613 0.100753364033137
614 0.131782750277859
615 0.166058148648864
616 0.200064883212695
617 0.193556874502444
618 0.207120450108563
619 0.15812956320468
620 0.134814040892195
621 0.101895268277564
622 0.0731306415757174
623 0.0486935263584076
624 0.0646810971374548
625 0.0389025811871021
626 0.0202998645670391
627 0.0600563214827106
628 0.0423299517587487
629 0.0500808795063886
630 0.0556080880453839
631 0.0691771254150615
632 0.0381338364785779
633 0.0634954577786872
634 0.0577185657673262
635 0.0278944384550793
636 0.0333498073798864
637 0.0188711336092291
638 0.0312429045888103
639 0.0571617420504679
640 0.0397886512555347
641 0.0417903930490335
642 0.0679467985058993
643 0.0583882513373912
644 0.0601113139580256
645 0.0292123635539731
646 0.025948258888156
647 0.0430615954851579
648 0.0360037987097163
649 0.0571497422725731
650 0.0381771909623098
651 0.0700632816192133
652 0.0487757821671526
653 0.0572601212809253
654 0.0188908114638543
655 0.0654750174785352
656 0.0862269040001913
657 0.0738886278312975
658 0.0626883843827823
659 0.0515430929660181
660 0.0650628114754726
661 0.0507366275291375
662 0.0575066028790366
663 0.0408760058856118
664 0.0515183708449753
665 0.021075695471236
666 0.0534066354795549
667 0.0700610675259628
668 0.0628273147968502
669 0.0410304775962863
670 0.0138665318599795
671 0.0571100698679067
672 0.0449831421547215
673 0.0329996602709286
674 0.0478459766067276
675 0.0516499726784602
676 0.0298855615322498
677 0.01445076370975
678 0.0622384330186267
679 0.0751030890789445
680 0.0785820437822658
681 0.0649680735064593
682 0.0470331665724743
683 0.0393980364106527
684 0.0444490351269132
685 0.0494077675309792
686 0.0494282280386968
687 0.027455312591701
688 0.0109531608400965
689 0.0325475985365397
690 0.0209684612908426
691 0.0232060625590116
692 0.051768488397184
693 0.0327933424553462
694 0.0431175087301121
695 0.0422017432607717
696 0.0243901106217158
697 0.0689290813656231
698 0.0211222148676774
699 0.0317103371863148
700 0.0187413980525093
