500 0.0537772181763494
501 0.0641982345870897
502 0.038562202010362
503 0.0447078280522772
504 0.0313987574003748
505 0.0766753921611223
506 0.0712498668928155
507 0.0344202239493922
508 0.0599177598874166
509 -0.00773043908178806
510 0.0377505026380473
511 0.0600887312133642
512 0.0345223433034367
513 0.0391175308286376
514 0.0533729134038344
515 0.0396344139413739
516 0.0651978692050966
517 0.0496423338798421
518 0.0622171398963539
519 0.0184354327214352
520 0.0474284266170727
521 0.0408742341482161
522 0.0411841856936048
523 0.0681614212540527
524 0.0739776565585507
525 0.0543822873777837
526 0.0203129797977046
527 0.0488469537717111
528 0.0576384098730999
529 0.0232402399678146
530 0.0542204630316995
531 0.102988308497227
532 0.0470949346896198
533 0.0750348394051579
534 0.0746226397423635
535 0.0810056212894285
536 0.0624238592588862
537 0.00973982414041827
538 0.0661638960450639
539 0.0773413081525244
540 0.0470994694728841
541 0.0459575934165328
542 0.0373960431980113
543 0.0492217949184588
544 0.0468319603064191
545 0.0666406120820081
546 0.0569227755382485
547 0.030662934213626
548 0.0380429321950481
549 0.0778041840505951
550 0.0463482750101271
551 0.0431226020703003
552 0.0681439523935097
553 0.00325936017654926
554 0.014334715352159
555 0.0515456308450528
556 0.0469466931669778
557 0.0666546536342732
558 0.0508350138107825
559 0.0478095029027268
560 0.0820792628917996
561 0.068678304211532
562 0.031684582656227
563 0.021759995072549
564 0.0442366042464498
565 0.0111926028085986
566 0.0706488865684419
567 0.0282441589450209
568 0.0309812664810654
569 0.0450086915211792
570 0.0688987517101776
571 0.393291771990807
572 0.477412249420069
573 0.0571246181347954
574 0.0606065847726831
575 0.0162430210957612
576 0.0488246869347188
577 0.0376959023978534
578 0.0639862805107706
579 0.0723254476336274
580 0.0622597601218005
581 0.00509850965250498
582 0.048446528764849
583 0.0741337936114972
584 0.0330951899770473
585 0.0633218264982055
586 0.0309539073585932
587 0.0328661285378283
588 0.0608853182495991
589 0.0570945581308316
590 0.265835366593057
591 0.775597753375035
592 0.253843804916674
593 0.0164817515288343
594 0.0341525291088176
595 0.0758058083330651
596 0.0540167615674206
597 0.0576805507465337
598 0.0763928879214038
599 0.0216725145002686
600 0.0712367215372189
601 0.0303052407696233
602 0.0605751045271224
603 0.0540969098572572
604 0.00798638304419999
605 0.0329413675998247
606 0.0286175224340508
607 0.0536302872743047
608 0.0571517266031599
609 0.0746455546434725
610 0.0247080630253895
611 0.0358445264896826
612 0.0579963023539146
613 0.0216966707516802
614 0.0519211963203865
615 0.0653605968054071
616 0.0464689768292862
617 0.0417825391677417
618 0.0327670355624928
619 0.0344811599984452
620 0.0520898417412894
621 0.0360516988953894
622 0.0757058784549596
623 0.0132944721155596
624 0.00192720804911436
625 0.0517998973785608
626 0.0524817381330894
627 0.0616255750654567
628 0.0666031231719455
629 0.0388693557181063
630 0.0772195136153804
631 0.0522682991181057
632 0.0174639439109272
633 0.0399827505646519
634 0.0301049425105026
635 0.039868778869471
636 0.0443011657859904
637 0.0526867586043659
638 0.0425937177849476
639 0.0371725820201638
640 0.0437384522760919
641 0.0623640664122098
642 0.062848301324013
643 0.0599815341936733
644 0.047049732726511
645 0.071650305286539
646 0.0489795630545388
647 0.0571311642621045
648 0.0368473477866762
649 0.032981403630893
650 0.0372331252310674
651 0.027724068997961
652 0.0375086044245068
653 0.0914252531226552
654 0.0544337037181432
655 0.0590029746351341
656 0.05111662212807
657 0.0306160762180812
658 0.0654167660768024
659 0.0509644473593482
660 0.0528862496140621
661 0.0445619472508469
662 0.0771025012423896
663 0.022420399506606
664 0.00975287064874233
665 0.0539940942028893
666 0.0565990689808044
667 0.070614160601173
668 0.0424772977530509
669 0.011072371820575
670 0.0858485491213147
671 0.0528434884771197
672 0.0678102857527916
673 0.050892476959477
674 0.0612808463513001
675 0.00346737513429614
676 0.0487726687714948
677 0.0537490458204758
678 0.0797763690656556
679 0.0784049061540659
680 0.0362309092806635
681 0.0559407919470591
682 0.0547867692705973
683 0.0308365965394517
684 0.0453107380216551
685 -0.00371391446417461
686 0.0612379708367753
687 0.0853382425770217
688 0.0474523145144318
689 0.0484246389724753
690 0.0486392395763011
691 0.0370756184325115
692 0.005155015652808
693 0.0551892961250602
694 0.0866874436777384
695 0.0179457550849602
696 0.0643555400666577
697 0.0672526866421808
698 0.0588796056954449
699 0.0582254185307146
700 0.0639283062207948
