500 0.0659273523093262
501 0.0303834298381903
502 0.093500320197829
503 0.0292765849884694
504 0.0685387978092482
505 0.0507652283370442
506 0.0362106170475501
507 0.0717327291530868
508 0.0627482221374208
509 0.0628485709714048
510 0.0641572289734561
511 0.0375658075910492
512 0.0646013054830868
513 0.00784303027168132
514 0.0561040246689976
515 0.0548263859750014
516 0.045223653423021
517 0.0484920985185143
518 0.0181939607715691
519 0.0507622529382942
520 0.040429231400537
521 0.0322376051343823
522 0.0791268691055424
523 0.0387784764764176
524 0.0635007147636625
525 0.0869821763700568
526 0.0428888242470232
527 0.0810998394442201
528 0.070591503227612
529 0.040097583003575
530 0.0511791446023599
531 0.0637651967492975
532 0.0869228768427464
533 0.0757820103301945
534 0.0443022279086947
535 0.0172308859112894
536 0.0406364399754396
537 0.0527594591033527
538 0.0621578568844226
539 0.0390058192158806
540 0.110273689394471
541 0.0688394407391018
542 0.0368402652468354
543 0.0220076457976535
544 0.0700767297589698
545 0.0405282257575806
546 0.0557957264328937
547 0.0394640607473054
548 0.0322835519168777
549 0.0610553531192837
550 0.0429272298051278
551 0.0839091764935491
552 0.0598036929765135
553 0.0399865142529306
554 0.0532268075429584
555 0.10378555741277
556 0.0617451886111024
557 0.0258525041395469
558 0.0963343260347382
559 0.0651798750235609
560 0.0492110134315033
561 0.0129364852207504
562 0.0938683301905703
563 0.0371974796728702
564 0.0677547117605321
565 0.0934290390393308
566 0.0250107146405402
567 0.0467868259766305
568 0.051313614488226
569 0.0280302837249354
570 0.0807202933306502
571 0.0732292719278935
572 0.0503565269083887
573 0.0640041551575041
574 0.0251064824179662
575 0.0561306792537267
576 0.118630576132985
577 0.199117231357047
578 0.249056090444317
579 0.286517586009204
580 0.24744035013086
581 0.136341848059858
582 0.0765926668721356
583 0.0883499926359086
584 0.0456491478993484
585 0.0795954581190454
586 0.06565844733623
587 -0.00679323478136212
588 0.0418386230019633
589 0.0616380496962624
590 0.0782894890226126
591 0.0274785120410921
592 0.0618987089564978
593 0.0635473839432127
594 0.0859735686053418
595 0.133756839612872
596 0.125272799779935
597 0.193166245821974
598 0.34511092752062
599 0.369182620270902
600 0.273936033983405
601 0.205662995999999
602 0.132548858910594
603 0.0827458491928864
604 0.028838339933846
605 0.0534805205217365
606 0.0557850165193364
607 0.10131678242375
608 0.0757053523446036
609 0.0509387392539196
610 0.0567442543790847
611 0.00328756512699825
612 0.010422844150227
613 0.0766538908715589
614 0.0369480298918907
615 0.0795339523250203
616 0.0455558111922887
617 0.0694253222502401
618 0.0430841516507883
619 0.0553216383518378
620 0.0371156729534978
621 0.0201259964011496
622 0.00883475086619971
623 0.059937097284719
624 0.0831998486033269
625 0.0582658280927728
626 0.0442186522465027
627 0.0664451459398109
628 0.0638935271134788
629 0.0558295376498261
630 0.0614275142442178
631 0.0764900235459526
632 0.0455803766053524
633 0.0415929518592616
634 0.0557978734074202
635 0.0200975935380539
636 0.07391245351996
637 0.0146970366902218
638 0.0758156013076884
639 0.0596840518953264
640 0.0549732954981405
641 0.0788194162923346
642 0.0323095177513753
643 0.0565799628303791
644 0.0409827073162438
645 0.0703539876263905
646 0.0623808045507385
647 0.0444278246621793
648 0.0593001987502765
649 0.0381564283330227
650 0.0748847684336554
651 0.0612266743439387
652 0.0370006307437876
653 0.0640209262182614
654 0.0475933732727038
655 0.0227982784774576
656 0.0796596832986011
657 0.0540843593633528
658 0.0432003578985896
659 0.0975176243264476
660 0.0702345922777839
661 0.031746726209605
662 0.0581821649017613
663 0.0586357913666725
664 0.0375399273179893
665 0.0272448166115333
666 0.0560144265717549
667 0.0673331279783901
668 0.0937408272177028
669 0.0562379548886393
670 0.0513827041449399
671 0.057026085425984
672 0.0607421139938281
673 0.0348332373755159
674 0.0733412653549552
675 0.0319746361244263
676 0.0369458542235742
677 0.0559377725460759
678 0.0749558125221128
679 0.0454464194307947
680 0.0497298536027911
681 0.0680070569683226
682 0.0600354925886943
683 0.0777206060207846
684 0.0580162893465065
685 0.0942740810719953
686 0.0958231071785713
687 0.0524277748118646
688 0.00325898205803424
689 0.0785982074197634
690 0.0588526794034622
691 0.0549731747443526
692 0.0624149099297834
693 0.0706658668644829
694 0.0635380089268673
695 0.0499824388339756
696 0.0536716408423025
697 0.0543109350650334
698 0.0561454898923249
699 0.0333733219371222
700 0.0800033789911785
