500 0.0489110492819211
501 0.0604353199289832
502 0.0247997358795499
503 0.0292911304791823
504 0.0644041965709449
505 0.0329950142447377
506 0.0370102263852887
507 0.0209533616521508
508 0.0374216043637804
509 0.0482137146653692
510 0.0352436038420649
511 0.042154664660824
512 0.0288878269418582
513 0.044362455113706
514 0.0549509325949733
515 0.0198913462507065
516 0.0256030643768953
517 0.0627732246456819
518 0.00295623500931099
519 0.00962169257245381
520 0.0175453049456374
521 0.035700723204103
522 0.0304038495098743
523 0.0459478284000894
524 0.0123275654848403
525 0.042755475036757
526 0.0189031045688471
527 0.0425664790949002
528 0.0313455888625381
529 0.0591104540899169
530 0.0222859435347285
531 0.0634844177043009
532 0.0111003119569499
533 0.0790125949952659
534 0.008665748832004
535 0.0246689009363595
536 0.0809251902695372
537 0.0641903511132444
538 0.0637173563665957
539 0.0230295835373385
540 0.0215728529652844
541 0.0291231772155317
542 0.0327255511896115
543 0.0500160571972207
544 0.01480470795601
545 0.0300088638100753
546 0.0333456981832974
547 0.0360037042469246
548 0.0428125955104319
549 0.0520327080866841
550 0.0482021659625374
551 0.00655087239758247
552 0.023459500249965
553 0.0591907091009247
554 0.0470075138920646
555 0.0267208900102801
556 0.0861273236497296
557 0.0358787287512098
558 0.0227436186286871
559 0.054172553455112
560 0.00761116458928538
561 0.038531139739144
562 0.0301503605433926
563 0.0337868429837206
564 0.0299474496833756
565 0.00265455263186166
566 0.0201529753038037
567 0.0369893104265714
568 0.0493396773118173
569 0.0375610449016095
570 0.0266916316054662
571 0.00831719317699765
572 0.0130819577556663
573 0.0370847702769022
574 0.0535784823853845
575 0.0435803267658623
576 0.0306485006016305
577 0.0305652836946407
578 0.036926379182456
579 0.0346009181333789
580 0.0471437543634947
581 0.061820541825254
582 0.0824826090126352
583 0.163752453138576
584 0.136761728772693
585 0.145121021551332
586 0.13002404336247
587 0.122283019201954
588 0.0732881674639252
589 0.0365940902740768
590 0.0349555628034484
591 0.0432963427087813
592 7.79670659363813e-05
593 0.0457790063694776
594 0.0308771900888271
595 0.0141002970619616
596 0.0243966631898686
597 0.0224986566239674
598 0.074774370179553
599 0.0361060527229631
600 0.0635726908358538
601 0.0991551486312545
602 0.168815199412942
603 0.181182926985718
604 0.244884156204353
605 0.212906072482779
606 0.1807018422124
607 0.122970609834863
608 0.12051205994484
609 0.0632771180018649
610 -0.0128129341418389
611 -0.0102778096197287
612 0.0239177186866701
613 0.0783245982805608
614 0.0143260918952122
615 0.0377115416308345
616 0.0060995589059888
617 0.0325763189621362
618 0.0485793543063558
619 0.0357755031421787
620 0.035875100864357
621 0.0651742833791982
622 0.00670126875107778
623 0.00728935320016804
624 0.026966794572742
625 0.0390674218073005
626 0.00851132299110828
627 0.03246829890038
628 -0.00425728335025565
629 0.0176031950233179
630 0.0278318158821394
631 0.0577436091965123
632 0.0415495944500304
633 0.00796790738348664
634 0.0401647586202686
635 0.0354287633888404
636 0.0108844416788858
637 -0.00303278055648439
638 0.026647977242166
639 0.0480822144999885
640 0.044573080969113
641 0.0109420325244895
642 0.0531141006082174
643 0.0587359745097127
644 -0.00616747294810093
645 0.0333821519107918
646 0.0295763446442723
647 0.0387811685835362
648 0.00265480028148746
649 0.054874206831913
650 0.0294652377907777
651 0.0135300871419321
652 0.0379585211079681
653 0.028136746774336
654 0.00895568948473964
655 0.0528043516681864
656 0.0346747579772617
657 0.024723062677092
658 0.0568892745885403
659 0.00411872418956371
660 0.0329878231010633
661 0.033330043885907
662 0.0274213036045139
663 0.0171190754244069
664 0.0426464315079388
665 0.0197116891739664
666 0.0127328741527035
667 -0.00593610474096363
668 0.0321019770596901
669 0.0117119153847432
670 0.0338217474578175
671 0.030079344225232
672 0.0210460496640213
673 0.0303019075715946
674 0.0235575995382424
675 0.00865448785092526
676 0.0160048134912799
677 0.0347116293866586
678 0.0257846047565998
679 0.00794933438483816
680 -0.0022517292953981
681 0.0860109953477609
682 0.047671320733405
683 0.0117538687256244
684 0.0353156037121658
685 0.0454651712445831
686 0.00992493708013565
687 0.0645213363658053
688 0.0361557666397366
689 0.0105499987403914
690 0.0287743883916174
691 0.0374589555507912
692 0.0520610106368414
693 0.0461086002398782
694 0.0380539289686526
695 0.0236001947800355
696 0.0344059257478779
697 0.0061837985275031
698 0.0247828175853204
699 0.0352250989421955
700 0.0647855816760461
