500 0.0765361689219825
501 0.0460437701504799
502 0.0478113871997358
503 0.0887890262762695
504 0.0785580220041784
505 0.0519708780106886
506 0.0614077849204982
507 0.0672772652575525
508 0.0271093351417966
509 0.0346282958879851
510 0.0732024993232108
511 0.0482331083697358
512 0.0746370316135702
513 0.0435921529182683
514 0.0421462726149293
515 0.0772835167565146
516 0.0508103990558515
517 0.0530078446248075
518 0.0636426411501373
519 0.0374074403923036
520 -0.00114386801142246
521 0.090098895530659
522 0.0296774806247457
523 0.0832597033444624
524 0.0548212272644856
525 0.0317812831536329
526 0.0565689400476331
527 0.0823790839882084
528 0.0309298027634851
529 0.0682162846744407
530 0.065158039359512
531 0.0909589161810436
532 0.0277680515404895
533 0.0385155909593293
534 0.0318808446739035
535 0.0620817155206386
536 0.0569332768783878
537 0.059383225994287
538 0.0664786076458001
539 0.050369554024693
540 0.0589079090330538
541 0.0421030691860898
542 0.0494422680726083
543 0.0617695659891048
544 0.0402760532219219
545 0.0586768982718952
546 0.0479753475378193
547 0.0663580287704011
548 0.0876758552695507
549 0.0971674685815005
550 0.0594700580105508
551 0.0396534357616553
552 0.0478793815177576
553 0.0376027161975224
554 0.0479400766055644
555 0.0606256428811917
556 0.0798087808089168
557 0.0406052225003103
558 0.0863721626574137
559 0.0435974680951667
560 0.0536399799588254
561 0.061169389066858
562 0.0567348134767097
563 0.0428957222336068
564 0.0486140600286626
565 0.0596290064935341
566 0.0618012034752447
567 0.0446507394998882
568 0.0703258471611563
569 0.0804346260095642
570 0.0526215857160574
571 0.0365762393249348
572 0.0777557159214777
573 0.062899963000312
574 0.0222125572711605
575 0.0500900518055166
576 0.0624375232396744
577 0.0436803325684291
578 0.0786164917354782
579 0.0671879965088205
580 0.05414808172164
581 0.0604692064825649
582 0.095057008461365
583 0.093942448405494
584 0.117743194483037
585 0.130913417163496
586 0.170435876854915
587 0.161278548558745
588 0.155260487200675
589 0.168490664554184
590 0.124708717328707
591 0.137780035723658
592 0.133885071631823
593 0.0572344031911125
594 0.0843140043867451
595 0.0437885311462136
596 0.0279933118799631
597 0.0545515498654743
598 0.0537267450365338
599 0.0526080206424807
600 0.0463449111214779
601 0.0570558705581581
602 0.0608465668733922
603 0.0926043724663165
604 0.101530052077022
605 0.133283402818734
606 0.149551619548235
607 0.244854246513636
608 0.278377104221497
609 0.261446479917184
610 0.259196236842207
611 0.281127739708141
612 0.17622543266348
613 0.0989905347841113
614 0.0850666907529251
615 0.0703967418766749
616 0.0498370263761141
617 0.0677019363974841
618 0.0372742096373003
619 0.0579026658745108
620 0.0581812251166847
621 0.0835079915769833
622 0.0349437867811717
623 0.104647037806861
624 0.0492116813380027
625 0.0369624334907969
626 0.0694390929355758
627 0.063676283329815
628 0.0366438306141416
629 0.0513759095345095
630 0.0630310262305705
631 0.093530543297003
632 0.0342977967473573
633 0.0232314085285734
634 0.0523725041793735
635 0.053993811159697
636 0.0610022788606054
637 0.0494520230897677
638 0.0485252884970544
639 0.0900350725651417
640 0.0302526323336666
641 0.0730496015980756
642 0.0817718694259342
643 0.0484788202272875
644 0.0489750207265097
645 0.071909985268396
646 0.0562481793448554
647 0.0604963832694834
648 0.017631944659422
649 0.0606923013681459
650 0.0875851564326075
651 0.0894790442997027
652 0.0469829312956114
653 0.0594746368352681
654 0.0287473196614545
655 0.0323951761836661
656 0.0601257383385348
657 0.0659114634541631
658 0.0616825902008028
659 0.0680463377298987
660 0.0509533168443249
661 0.0504106132396828
662 0.0685784522198295
663 0.0551021824230896
664 0.0597980016913814
665 0.0731849044441131
666 0.0523146964161855
667 0.0498499896099585
668 0.0672317646427821
669 0.0382433584709995
670 0.0349737214081929
671 0.0990758008050086
672 0.0756987302324005
673 0.0431820875717099
674 0.0236200191485554
675 0.0466328892873745
676 0.0228845798211521
677 0.0639526706298826
678 0.0724407064863158
679 0.090392753884621
680 0.0828990947578881
681 0.0822460748391513
682 0.0533857397396549
683 0.0452052475302144
684 0.0866292723486417
685 0.073073575515634
686 0.0841916229656201
687 0.0759948374463853
688 0.0837355757386153
689 0.053940580034158
690 0.0864263613298154
691 0.0216057638914325
692 0.0587592594497601
693 0.0786813704300793
694 0.0546247232440342
695 0.0597814956547132
696 0.100046390113897
697 0.0220727660972979
698 0.105147340731017
699 0.0435181066193624
700 0.0402450434024145
