500 0.0538184938765237
501 0.0461878100987975
502 0.0811604379775278
503 0.071797688188481
504 0.0521396339106892
505 0.0675605496172644
506 0.089525214100384
507 0.0848505153496384
508 0.0199381311344693
509 0.075697721131694
510 0.0605057414047081
511 0.0527761119629829
512 0.055198207336161
513 0.101261335137905
514 0.0708711484632539
515 0.0800774686743268
516 0.0600156077265107
517 0.0406759204618565
518 0.0804392730457505
519 0.0625176550293097
520 0.0614097440273001
521 0.0231295466039516
522 0.0737467805452404
523 0.0285355898664083
524 0.0533039959601128
525 0.0267165026782698
526 0.0474075342438388
527 0.0559524494423496
528 0.0383443300742351
529 0.0334424427585564
530 0.0180059334273453
531 0.0580751031852307
532 0.0890175589759532
533 0.0443330232566455
534 0.0481177698967007
535 0.070888568457838
536 0.0965539259994401
537 0.0588449649053891
538 0.0889267223905385
539 0.0570482695434633
540 0.0858757037805999
541 0.0581087377962271
542 0.0676981146244776
543 0.0467156492136091
544 0.0343554614133871
545 0.0533495664712544
546 0.0676912369731861
547 0.0634015957609797
548 0.0626175599043198
549 0.0546558953508531
550 0.0564207898919804
551 0.0942813058522606
552 0.0796163619023542
553 0.0726157890627614
554 0.00999108516828599
555 0.0672191045867139
556 0.0439707978828938
557 0.0836659804093846
558 0.0185754846844805
559 0.0308846991376517
560 0.0579834754378837
561 0.0785069628285663
562 0.0457269743220927
563 0.0357709947645583
564 0.0811174073485692
565 0.036525138893908
566 0.0827619533721998
567 0.0660593145672435
568 0.0303445730640066
569 0.0787369283453291
570 0.0261606099307967
571 0.0821355937891074
572 0.0470638103436979
573 0.0322786616847418
574 0.0395173901862937
575 0.0941097366370518
576 0.0499890223751154
577 0.0162735990756828
578 0.0608428099082777
579 0.089778782623966
580 0.0519655034386676
581 0.0529364211467394
582 0.0590088821413977
583 0.0652344773160059
584 0.019149567563048
585 0.0518831577620123
586 0.0807986339100651
587 0.0642464069865235
588 0.0987455407963438
589 0.14650843565828
590 0.143773497082711
591 0.139658704169459
592 0.137898762233727
593 0.157393017862149
594 0.168757984451796
595 0.177901030263403
596 0.127594229677673
597 0.103273297463184
598 0.0657851662665816
599 0.0827212316207879
600 0.085741945335695
601 0.0478612041475961
602 0.0896373006866344
603 0.0457145125019161
604 0.0959699483097646
605 0.0568019395791284
606 0.0648386292291668
607 0.0368217255802155
608 0.0634208911262344
609 0.0925488105686976
610 0.115060182092039
611 0.228895916421834
612 0.181575509307768
613 0.245018677259323
614 0.262207734553188
615 0.203575094256282
616 0.145176548196862
617 0.141014342099164
618 0.123952163825467
619 0.0741406048567851
620 0.0454593450160664
621 0.0769978098874158
622 0.0298858322193103
623 0.0481681423809452
624 0.0595677444324077
625 0.0575711848031836
626 0.0491458999290889
627 0.0962802564043552
628 0.0341337533985266
629 0.0625397664033557
630 0.0847870695218102
631 0.0685954051063113
632 0.0586622484455374
633 0.0663198174121627
634 0.0506202663765816
635 0.0385394530378108
636 0.0432722276514977
637 0.0129918508315347
638 -0.0033557244669646
639 0.0438064607790331
640 0.0823910834406829
641 0.0482635789324096
642 0.0777545664359193
643 0.0542075172496708
644 0.0469955126194368
645 0.0407774703446037
646 0.0628503147726834
647 0.0388581947166549
648 0.083412397553502
649 0.0720553676753682
650 0.000757354965859104
651 0.0531117558396553
652 0.067000773554411
653 0.0390555139546531
654 0.0343548858806305
655 0.0297629402176101
656 0.100789694625679
657 0.0629358382062282
658 0.0854954076463112
659 0.047284080331802
660 0.0432352249064859
661 0.0722998725736606
662 0.0729206542697128
663 0.0465350141357789
664 0.0410557980034179
665 0.0633072978953845
666 0.0202613554263417
667 0.0530749422181294
668 0.0804237539317788
669 0.0656638026418626
670 0.0252152874619877
671 0.0166910367390756
672 0.105804441621979
673 0.0574694007983384
674 0.075047084381263
675 0.0631082508272773
676 0.0550783694830176
677 0.0869216080555521
678 0.0527634837204476
679 0.0772741431160997
680 0.0443090822510634
681 0.0877987331986848
682 0.0353938916274077
683 0.0523167383510818
684 0.0879791743322085
685 0.0526045015672291
686 0.0474895935885845
687 0.0122306061981426
688 0.0693460616422564
689 0.0724544700706091
690 0.0527585590042773
691 0.0658393713869586
692 0.0388970121241758
693 0.0619154143349333
694 0.0990857267457227
695 0.0664079183732006
696 0.0281670675601577
697 0.0423483087771343
698 0.0429942498120455
699 0.0455437600935021
700 0.0783606811080487
