500 0.0508117905371807
501 0.0346464466352677
502 0.0517563777889242
503 0.0716174286159152
504 0.0686209001728723
505 0.0395030398157748
506 0.0315601068122445
507 0.0518978612519012
508 0.032344550972078
509 0.0330289157178599
510 0.0324937377331238
511 0.0445638991390689
512 0.0373773630979066
513 0.00854562259239942
514 0
515 0.0671771559430534
516 0.0579409046658281
517 0.035651365185823
518 0.0287244525833466
519 0.0414659465788248
520 0.0543248038177296
521 0.0520989244023056
522 0.0669860978719968
523 0.0471660952797693
524 0.0446766039206664
525 0.0383943327445791
526 0.0369240931518945
527 0.0687652438644219
528 0.0456463937226739
529 0.0349248488522798
530 0.0631884728361368
531 0.0478540790912856
532 0.0703258910478412
533 0.0637692746150126
534 0.0411467129788918
535 0.0746630214276304
536 0.038088996821576
537 0.0339291247949678
538 0.0733554841272234
539 0.0627108230289396
540 0.0573852793709614
541 0.0660485882615714
542 0.0369155755896168
543 0.0565898527178669
544 0.0614449941274856
545 0.0257379439469584
546 0.0228318165443018
547 0.0883996991916563
548 0.022006388668843
549 0.0632462846001193
550 0.0313752455621436
551 0.0467557998633793
552 0.0416067093260716
553 0.0258257892796964
554 0.0348459886174456
555 0.0787271554486161
556 0.0324214355493916
557 0.0522445759963897
558 0.0414733838590889
559 0.00939256532162101
560 0.0430441947936295
561 0.0831242417437726
562 0.0417271519602437
563 0.0284935630829569
564 0.0578805090223458
565 0.0457643123031984
566 0.0400568532702887
567 0.0493625640779864
568 0.0500929474258182
569 0.0941554432085309
570 0.0437955524831889
571 0.0789343971326837
572 0.0794517005721916
573 0.071803392318035
574 0.0326201928503676
575 0.043390573827978
576 0.0475323387155044
577 0.0561923447888206
578 0.0740510059061686
579 0.0604951313118363
580 0.0539597392316219
581 0.01075992617364
582 0.0712384521445061
583 0.0392084296620093
584 0.0742448622684996
585 0.101966085233956
586 0.0624384138628444
587 0.0576040848497084
588 0.0864596758456842
589 0.086502245307288
590 0.0564309066781535
591 0.0656028764230218
592 0.0671212610774268
593 0.0743182660432961
594 0.0840291669156014
595 0.126474400366867
596 0.122242785765717
597 0.120806154891908
598 0.115678525166527
599 0.145086959390349
600 0.0987615398537741
601 0.107741526058831
602 0.0910770439000178
603 0.0936551946128907
604 0.031722028866516
605 0.0641423910536732
606 0.0496441539955332
607 0.0617718326037213
608 0.00343763543084363
609 0.0846259564984689
610 0.0477567103273325
611 0.105058924115836
612 0.0625859422834492
613 0.080717377412428
614 0.146197553210796
615 0.145640579779434
616 0.126308975936016
617 0.213193222627475
618 0.176709589720479
619 0.197970398679404
620 0.158160333498618
621 0.122030086489089
622 0.113562114825905
623 0.103569565654298
624 0.0596672881000291
625 0.0197954900711247
626 0.0691068370184814
627 0.0445233051426688
628 0.0547295900873115
629 0.0597865228831034
630 0.0450623630476414
631 0.0342810857677998
632 0.0674667115576024
633 0.0293625323938099
634 0.0741625594481826
635 0.0363049118648102
636 0.0724099803198044
637 0.0629100411361016
638 0.0723034106157534
639 0.0729745808180488
640 0.0670513918882155
641 0.0889878176438913
642 0.0570001866020708
643 0.0562219376376425
644 0.069832738020642
645 0.0823760571312915
646 0.0635437920351144
647 0.0728751747644619
648 0.0440467880073004
649 0.0322508813475535
650 0.0507568634516394
651 0.0921865653908936
652 0.0134037717334835
653 0.0536457275464491
654 0.0416234274027188
655 0.0299922225799071
656 0.0232643702633829
657 0.0274606184986135
658 0.0552156890432359
659 0.0688043558287982
660 0.0573116483980845
661 0.0473470127774978
662 0.0278164800216032
663 0.0306635955257171
664 0.0790084208308478
665 0.0538208561087208
666 0.0439293312133319
667 0.0555955305753806
668 0.0467965907641771
669 0.0449274129349496
670 0.0612307896804383
671 0.0591144979113549
672 0.0432594316293426
673 0.0350088478676353
674 0.0423414921847245
675 0.0807741574820213
676 0.0658568725029438
677 0.0408284914856618
678 0.0597138774173896
679 0.0361933037032584
680 0.0412037543263437
681 0.0824944595319442
682 0.0343569152821976
683 0.0219909253058511
684 0.0445581488588319
685 0.0210027132357734
686 0.0589730722046308
687 0.087783518988305
688 0.0706892354202826
689 0.0791071380971486
690 0.0893525391494841
691 0.0470023568638629
692 0.0463430466278924
693 0.0413499993053751
694 0.0320410672713815
695 0.0279549531529086
696 0.0483598374436216
697 0.0569647246643208
698 0.0528917111359207
699 0.0428938052102267
700 0.0667880068310705
