500 0.0450068799697847
501 0.0628723351992415
502 0.104609378040729
503 0.0360437702714271
504 0.0573255862808677
505 0.0670677693583872
506 0.0509940719205563
507 0.0615755173956365
508 0.061609021799036
509 0.0522850562467065
510 0.0556509423989454
511 0.0243764696947779
512 0.0503608076239253
513 0.0642073105100639
514 0.0243477167412985
515 0.0408335401840854
516 0.0442662253807198
517 0.0207265885953776
518 0.0565659991966388
519 0.0352460330395155
520 0.0344119005744577
521 0.0432776163949721
522 0.0613152827016371
523 0.0521820085247443
524 0.0685536398717792
525 0.04678387621426
526 0.0328566369886186
527 0.0423340921225928
528 0.0294964602627762
529 0.0453640151111803
530 0.0506182204119405
531 0.0389388640489104
532 0.0488663772430532
533 0.0240210769157956
534 0.0742159808628146
535 0.0448448364231722
536 0.0460310248199104
537 0.06815520380221
538 0.0471589229321216
539 0.0522101721911963
540 0.041280000325586
541 0.041196923199309
542 0.061250647967012
543 0.0520521434833244
544 0.0354583684172151
545 0.0151191412589884
546 0.0552346273405143
547 0.0439385303380709
548 0.045357840200222
549 0.0486710555165136
550 0.0351044738015073
551 0.052897119668347
552 0.0648686760065337
553 0.0554011690176451
554 0.0496111116172106
555 0.0891118155399154
556 0.0750121731877871
557 0.0661942180271805
558 0.029709643627036
559 0.064313923611854
560 0.0337168492123927
561 0.0186786724914529
562 0.0367012941904348
563 0.0504399420835981
564 0.0511936081697385
565 0.0593919015625048
566 0.031508883804462
567 0.0538650241724393
568 0.0121086968006498
569 0.0833192011923087
570 0.0258333020974599
571 0.0896218782549439
572 0.171833676372328
573 0.256851709954969
574 0.227521762479048
575 0.138788717180663
576 0.0429359386813702
577 0.0304996155903563
578 0.0552812517128631
579 0.0552798343768196
580 0.0581921282627924
581 0.0468848924776639
582 0.0479372168503525
583 0.0550819812038016
584 0.041543307540526
585 0.0610216112297116
586 0.0801294881408487
587 0.0584263792387237
588 -0.0134202777058817
589 0.0563126640439173
590 0.00980670811493381
591 0.00683715044472839
592 0.0388312654715018
593 0.0507778239815925
594 0.00872052748792592
595 0.0376968557394929
596 0.0312813496203647
597 0.035557978005957
598 0.0558390212306076
599 0.0365616000452574
600 0.00317349921312083
601 0.0780483791509267
602 0.0665932626372578
603 0.0401367379932035
604 0.0589488389566129
605 0.0052402198614325
606 0.0326211795148902
607 0.0547601680251016
608 0.0672131808794547
609 0.0299854936252645
610 0.0773651084392246
611 0.0567863442463102
612 -0.00776198690784122
613 0.0473321914456542
614 0.074728409047562
615 0.0516498557763425
616 0.0477016558581907
617 0.0352771204956817
618 0.0260210982824616
619 0.035811669435783
620 0.0167038112549229
621 0.0225609094110971
622 0.0542367888144702
623 0.0419971862749094
624 0.0789798062771371
625 0.0515552399978037
626 0.0608869546358323
627 0.023008781308773
628 0.080207062367673
629 0.0396078834035231
630 0.0584079339285617
631 0.0328024643280935
632 0.0586274496398127
633 0.0378725158607388
634 0.0414183060755051
635 0.0973511987817357
636 0.0351672949199014
637 0.074431274409329
638 0.0313246674094399
639 0.0250990178506627
640 0.0726571609219411
641 0.0501672261990364
642 0.0413486438062632
643 0.0104368011453345
644 0.0757222378007073
645 0.0317550708079658
646 0.0809136692611133
647 0.016000884811338
648 0.082566866953968
649 0.0515719235645599
650 0.0448552339251306
651 0.0389688206626635
652 0.0739887926644586
653 0.0174049194882952
654 0.0672047567903742
655 0.0429217333841359
656 0.0384791462399819
657 0.0634649455756223
658 0.0424959133700508
659 0.0637311156277193
660 0.0689542439310004
661 0.0281607401009383
662 0.0226009315006148
663 0.0385996512356422
664 0.0384730246468883
665 0.0603253008276069
666 0.0168680333974272
667 0.0245753157914603
668 0.0439964690636049
669 0.0197649571186949
670 0.044551779031941
671 0.0222122259987578
672 0.0506749264379579
673 0.0442254018499
674 0.0488771295057074
675 0.0675878134205838
676 0.059898946065457
677 0.0430715659042706
678 0.00957594253126457
679 0.0366111071384436
680 0.0674451191865999
681 0.0479132249037342
682 0.103592441291971
683 0.0651921951005394
684 0.0559292181661694
685 0.058412766573685
686 0.035390565257891
687 0.0337162838760906
688 0.0362677445682254
689 0.0597431091650631
690 0.00907727118394566
691 0.0644546957481978
692 0.031213227057349
693 0.0740048349496815
694 0.015370675285341
695 0.0569438262017624
696 0.0188864262788526
697 0.078956541076343
698 0.0706742516574152
699 0.00373859649713456
700 0.0679090153239091
