500 0.0247699962667401
501 0.0441190076549854
502 0.0271711710932641
503 0.0281808817231209
504 0.0150078067579095
505 0.0373915023470463
506 0.0414790618807577
507 0.0264935135809431
508 0.0559053510993226
509 0.0270688501801821
510 0.0633479167640047
511 0.0386842106600385
512 0.0418295978531972
513 0.0510783618508636
514 0.0660444735881609
515 0.00380540268941893
516 0.0337519867115802
517 0.0393974662869695
518 0.0756814136564743
519 0.0290425824594398
520 0.0334772994832469
521 0.0458398067896492
522 0.00211444416089291
523 0.0148129641387695
524 0.0163104343853698
525 0.0582681696181016
526 0.0327039539918843
527 0.0296205844142071
528 0.00426282749914072
529 0.038608444637857
530 0.0462664448756575
531 0.0429097013601143
532 0.0516371566993253
533 0.0417166305755724
534 0.0526198822950494
535 -0.0112382488406729
536 -0.00541658606466241
537 0.0182253881195157
538 0.0670650259213152
539 0.03397344101193
540 0.042332279533169
541 0.0562443387275489
542 0.0685700870937994
543 0.0706169206657215
544 0.0226949025274379
545 0.0427530693714196
546 0.0300947343059407
547 0.0478274422039828
548 0.0466962448627332
549 0.0322710578016434
550 0.049103464975153
551 0.0081061554201022
552 0.0567896558450353
553 0.0323168980914739
554 0.0758893662207254
555 0.0187407033707806
556 0.0217291693689056
557 0.0632103613303093
558 0.0491431283630398
559 0.0652680069048088
560 0.022040995808855
561 0.0653172824403982
562 0.0390570208528637
563 0.0516647633243463
564 0.0838826757931611
565 0.0589339023679472
566 0.0233782058364926
567 0.00929278304828309
568 0.0259596214790871
569 0.015673416345189
570 0.0366813115049786
571 0.0834924736641772
572 0.0295645173958062
573 0.0200139784643211
574 0.0863764565511647
575 0.0406679013083009
576 0.0340477922145795
577 0.0483959799570397
578 0.0707156181978455
579 0.0394118940624553
580 0.10790376965321
581 0.135121572844037
582 0.187214950644861
583 0.207152784073746
584 0.203048243403023
585 0.115267917839479
586 0.0730928511469861
587 0.061563015047161
588 0.0225105534862113
589 0.000896101023051713
590 0.0301322509884086
591 0.0282943602224502
592 0.0552398316369406
593 0.0237884087567126
594 0.0260891847568072
595 0.035358679070902
596 0.036021708936267
597 0.0607969605343306
598 0.0444671176433535
599 0.0228906524601162
600 0.0637049329574437
601 0.0440590795657674
602 0.0646758121527569
603 0.0412977013935851
604 0.0367761476771168
605 0.0594209485608808
606 0.081906869515398
607 0.0185262351475499
608 0.0228094592594084
609 0.0476894076889005
610 0.0120511506523427
611 0.0464626344219815
612 0.01610255951942
613 0.0543801502292815
614 0.0106842487439482
615 0.0573099097565494
616 0.0586781118087232
617 0.0531473716881347
618 0.0327424990435886
619 0.0341495245043413
620 0.0469766518362867
621 0.0443879420742795
622 0.0116051295812025
623 0.0326554188249776
624 0.00311551581484213
625 0.0749914344921137
626 0.0240269678986228
627 0.0317077963582942
628 0.0325510349965042
629 0.0593372935563047
630 0.0660546249950997
631 0.0310824979075365
632 0.0499524441210848
633 0.0412397549520957
634 0.0649346119407271
635 0.0415451865076986
636 0.0495755855797633
637 0.0508688726957913
638 0.0348602482683403
639 0.0913105212701876
640 0.0387305923697634
641 0.0717675876189587
642 0.0133840660950687
643 0.02316592061657
644 0.0773281325237804
645 0.0256258691302367
646 0.0398174574359279
647 0.0724009248644756
648 0.0615755826873582
649 0.0241492683965358
650 0.0313786493318089
651 0.0699642058447975
652 0.0390558160826449
653 0.0276629940032922
654 0.0608849356705506
655 0.0619563271121779
656 0.0610146539067503
657 0.0286490202293111
658 0.0243843915248388
659 0.0406285751997049
660 0.0766170724033774
661 0.0728667220504997
662 0.0494665029494809
663 0.040911962019092
664 0.0545690810565763
665 0.0763838125569096
666 0.0464941781783821
667 0.0592823458600992
668 0.039844985708167
669 0.0349021871142169
670 0.0346723273601734
671 0.0196387616661382
672 0.0384416041419758
673 0.0465314348866591
674 0.00809758196275355
675 0.0428412079669456
676 0.058371923335278
677 0.0269617943696979
678 0.0223699919113038
679 0.0189603598603259
680 0.0433528356619537
681 0.0472415741000332
682 0.0685584977452725
683 0.0444782775148022
684 0.0728336222536961
685 0.0443789525391746
686 0.000307704803282235
687 0.0159152079535662
688 0.0135954554497558
689 0.07512823806403
690 0.0385184874491868
691 0.0612800948199254
692 0.0713222314871574
693 0.0473867896409715
694 0.00764100067431557
695 0.0472636911271134
696 0.0509545376817057
697 0.0070963600949675
698 0.0176985713837527
699 0.0232746082654805
700 0.0200309406587041
