500 0.0475024035782322
501 0.075359283707167
502 0.1125884119233
503 0.0678064235481509
504 0.0459986524063562
505 0.0660772384705363
506 0.0857819175358807
507 0.0421559303192408
508 0.0801813723464409
509 0.0635337281881286
510 0.0168150130518777
511 0.0745832491434295
512 0.0484575938755826
513 0.0830711698193033
514 0.0422056278653349
515 0.0593087327995186
516 0.0341661509013935
517 0.0238670672122392
518 0.0683377241477504
519 0.0515961914462801
520 0.0470096982109489
521 0.0670554652640276
522 0.0175930529442362
523 0.0527999860237532
524 -0.0078829412558116
525 0.0578994508558969
526 0.0489878424177449
527 0.0435689469236464
528 0.0893346278597704
529 0.0449138937537773
530 0.0861722852258151
531 0.0612856709753993
532 0.102724549642638
533 0.0752752918467055
534 0.0817333763387833
535 0.0710394683288118
536 0.0527411419115831
537 0.101934588877244
538 0.0785456653130846
539 0.0344034045021597
540 0.056507323701967
541 0.0743980520260107
542 0.0358341743114144
543 0.0788195679066412
544 0.0623816055054179
545 0.0693263119596228
546 0.0487140816729366
547 0.035147574234383
548 0.0606355869004549
549 0.0728346406745308
550 0.0323914173290798
551 0.0883862933571394
552 0.104166359734713
553 0.0819466031271712
554 0.084264779167773
555 0.0242792902413273
556 0.0413837626931066
557 0.0500576881866242
558 0.0661534757442596
559 0.0338860147052845
560 0.0970409437084012
561 0.0449172894406494
562 0.0485385715235008
563 0.0576663560792294
564 0.0797569027812514
565 0.0939801469514227
566 0.0942249984451262
567 0.0545735353336373
568 0.0556197628571698
569 0.0587648059784028
570 0.0858949059211308
571 0.0422533452273134
572 0.0661447431769911
573 0.0466463962511615
574 0.00612395754213956
575 0.0270112504913626
576 0.0710532970282016
577 0.0539694203697158
578 0.0606262874438797
579 0.0600305000143013
580 0.0698100489524503
581 0.0607806466708874
582 0.0851400357147274
583 0.0751210704391114
584 0.0700779501005404
585 0.0536741427952585
586 0.0825247234247836
587 0.0742668803707675
588 0.0313261506105909
589 0.0898821279011967
590 0.0411445094118428
591 0.0605792270165837
592 0.0816292460847339
593 0.0784064105176162
594 0.085858958507218
595 0.0786555985151807
596 0.0278333733658536
597 0.0711945266061032
598 0.0767039234739409
599 0.0323965807718332
600 0.0939552553546753
601 0.0786174452833781
602 0.0568203981361671
603 0.0541273314188421
604 0.0467841119520484
605 0.103027116380072
606 0.139482755494022
607 0.161771161360418
608 0.161758116745417
609 0.21966535474052
610 0.184336681352441
611 0.161835914613631
612 0.130175092339234
613 0.0946184268501118
614 0.100105893386664
615 0.0591285169329648
616 0.0450556613582318
617 0.078631379769912
618 0.0322678487708937
619 0.0496398252094254
620 0.0506373452310009
621 0.0284956874630969
622 0.0697490257758615
623 0.0474603586210083
624 0.079035924489806
625 0.0782457067157666
626 0.0591349304847522
627 0.0795598801054433
628 0.0311627765148444
629 0.0669588754771735
630 0.0581522476735443
631 0.0313527616635059
632 0.0410732901622127
633 0.0314185957433969
634 0.0960345436681553
635 0.0136699007855837
636 0.0548402997667536
637 0.0371253156674691
638 0.0582901924870349
639 0.0665007413437734
640 0.0850439198474156
641 0.0825903078069627
642 0.0483400752271153
643 0.0486563963396584
644 0.0400137823953477
645 0.0396631025959356
646 0.0970661816471541
647 0.0724831362110652
648 0.0752007003280686
649 0.0402429073304783
650 0.0763571711939181
651 0.0528612143351125
652 0.0825382983750313
653 0.0762367274032471
654 0.0527902767571924
655 0.0603490460029341
656 0.0909585475905199
657 0.0432034073525248
658 0.0757983840673962
659 0.0776949541182823
660 0.0361124726792655
661 0.0888810882948958
662 0.0527092729158672
663 0.0524784948375563
664 0.0795328224393058
665 0.0419461271001738
666 0.0465164056825536
667 0.0486260508682964
668 0.0804100136695292
669 0.125256733048432
670 0.0181326108122661
671 0.101767190810255
672 0.0676705477251442
673 0.0577572515949648
674 0.0684978800528369
675 0.0748192424116199
676 0.0890174162016141
677 0.0793524453488043
678 0.0347385479731441
679 0.0500789942575009
680 0.0640963568102473
681 0.0756527889333933
682 0.0246745321003409
683 0.0537709409144281
684 0.0661129116155241
685 0.0689561905802213
686 0.0603881088401798
687 0.0531687366853713
688 0.0573381707173329
689 0.0628103589733671
690 0.065934833803677
691 0.0736204880008123
692 0.0504839683781709
693 0.073601805256367
694 0.0699397719626905
695 0.0592073013474955
696 0.0834915599769726
697 0.0818287209775496
698 0.0443172318686313
699 0.0585212324489285
700 0.0230022408353521
