500 0.0364501717962022
501 0.0230797712849773
502 0.0213081078735797
503 0.00620750295600144
504 -0.00952693410133508
505 -0.0212680460511819
506 -0.0143923770837393
507 0.0228990975673489
508 0.0253017890188286
509 0.0129650184141128
510 -0.00465772031310926
511 0.017954544602522
512 0.0525354680257744
513 0.0120889968127522
514 -0.00146297471974062
515 0.00944494634889166
516 0.0158946513037066
517 0.0314440779775177
518 0.038111920271835
519 0.00646727868123251
520 0.00749094462879556
521 -0.00464158564308086
522 0.0263573658495952
523 0.0034631402436059
524 0.0455903364436559
525 0.014992090995004
526 -0.00149268846926683
527 0.026353515665022
528 -0.00631884480037306
529 0.0371805517828908
530 -0.0118465225591842
531 -0.0106936998993951
532 0.0340724188474381
533 0.0162080286454216
534 0.0309113654054937
535 0.0015792246836018
536 -0.00207814017451977
537 0.0196929186872944
538 0.0167671038452393
539 0.0147528470427496
540 0.00351493524348262
541 0.0213962662545382
542 0.0153513293693682
543 0.00458567876279812
544 0.0277613103593951
545 -0.00141684915058273
546 0.0341314837000944
547 0.0412103612461761
548 0.00508900351318807
549 0.0580664978708273
550 0.0496174952279278
551 0.00709922868008434
552 -0.00169853833438958
553 -0.0320693359043449
554 0.00673720348248927
555 0.0132297362014418
556 0.0339987838729321
557 0.00516634916583927
558 0.00499302297787203
559 -0.0176653516519643
560 0.0199231081287362
561 0.00618099058505808
562 -0.0121458103473214
563 -0.000529006814924897
564 0.0339397260785877
565 0.00620006738593099
566 -0.00216120124539506
567 0.00705465504119921
568 -0.00432044799126847
569 -0.000308537954513251
570 0.956748067255541
571 0.0183413215105861
572 0.0190625029884415
573 -0.000828599084462731
574 0.0222425128293783
575 0.0233657413535329
576 0.0434147372427353
577 0.00310768245011461
578 -0.00974293204464369
579 0.0354792863271111
580 0.0140286487230386
581 0.0169297374475241
582 0.0195728945613592
583 -0.0199337708245521
584 0.00637118738953857
585 0.00772388879717743
586 0.055898662760037
587 0.0232054344694824
588 0.00922231536812537
589 0.0405919574991984
590 0.0440616380609725
591 -0.00809228794544884
592 0.0285633953696423
593 0.0270345151262436
594 0.0337201950860934
595 -0.00146515658056972
596 -0.00953316993066648
597 0.030407626988064
598 0.0240470108331641
599 0.026928068202831
600 0.0514339502829344
601 0.0323541945801151
602 0.0119815681160039
603 0.0486301478622169
604 0.0613954443966474
605 0.0147750398842398
606 0.00515963254179392
607 0.0283290363299955
608 0.0357589781669792
609 -0.0304311467567868
610 0.0258201924620595
611 0.0288959679319033
612 0.0149927725760087
613 0.0484933250641404
614 0.00512734382596933
615 -0.00632432862140117
616 7.54219390918867e-05
617 -0.0201774694012311
618 0.0314515559310991
619 0.0183652581374632
620 0.00269749844721912
621 0.0431396769094817
622 0.0117125375768681
623 -0.00961752145975119
624 0.0346729118606504
625 0.00235012426327517
626 0.0628590643064533
627 0.0138320947789786
628 -0.0280938371042912
629 0.0223208710656523
630 -0.00535343480175618
631 0.0157802600843152
632 0.0341861632713006
633 -0.0132580017189779
634 0.0302860375004154
635 -0.0222804974298353
636 0.0129316670275201
637 -0.0042810290058954
638 -0.00574497366308947
639 0.0270083844499659
640 0.0158318351818241
641 0.0399896457752263
642 0.0497894066954766
643 0.0133656034554608
644 -0.000658911213605604
645 0.0286469603494929
646 0.00893498187483389
647 0.00777705807343726
648 -0.00253843981925259
649 0.0435038817166535
650 0.0356537970416839
651 0.00746622827168947
652 0.0249122927293515
653 0.0157332925078761
654 0.0547754623490288
655 -0.000786087260986466
656 0.0104447818156764
657 0.0258674000441404
658 -0.015508350534254
659 0.02759355500461
660 0.0397016320876165
661 -0.00265606154378307
662 0.00217161294051276
663 0.0380721168132563
664 -0.0208540813961798
665 0.000910913869536373
666 0.0248673561774146
667 -0.00861990905842704
668 0.0116603176662051
669 -0.00236663360541754
670 0.0326034903209483
671 -0.00245350539166158
672 0.00792040461753055
673 0.0082181994577341
674 0.015198923700023
675 0.0550702815092457
676 0.0178363623352921
677 0.0101265766815176
678 0.0381998233275352
679 0.0197897466717837
680 0.0131611684725431
681 -0.00852207793706283
682 -0.0192862708546311
683 0.00233207610397671
684 0.00925474290266895
685 0.00112819889172144
686 0.0358295121803568
687 0.0110721146693135
688 -0.00336466962912463
689 -0.0115554973461763
690 0.0282125766100554
691 0.0213997282401943
692 0.0388501372055977
693 0.0264060753369497
694 0.0289742340945036
695 -0.0111404299598318
696 0.0330774980349854
697 0.0327841213500182
698 0.0170269707629354
699 -0.0148352665956162
700 0.0361532262867907
