500 0.0534324463862894
501 0.0520808810298433
502 0.0751105450384245
503 0.0425542320311634
504 0.0418036042318804
505 0.0855789303935601
506 0.042373850912064
507 0.0493121589928422
508 0.0361823701611512
509 0.0998396589190615
510 0.0746222108626275
511 0.061164360912483
512 0.0070602247094475
513 0.0737521000070623
514 0.0372242528846847
515 0.0476660973038234
516 0.064295354929879
517 0.0495033882979642
518 0.0551346286323687
519 0.0569829878344668
520 0.033424929309494
521 0.0535548940392533
522 0.0875432644321867
523 0.0731917323541325
524 0.0478645875514856
525 0.00444454593889144
526 0.0671411667231857
527 0.0807753207035696
528 0.05814602364807
529 0.0622250184271699
530 0.0265275951569479
531 0.0630029062026072
532 0.0371907651294943
533 0.058766905159986
534 0.062250970725488
535 0.0651091848541748
536 0.0519543010908568
537 0.088522888986303
538 0.0646971686224016
539 0.06786012687437
540 0.0366533740226165
541 0.0870395481252635
542 0.0765308490165008
543 0.0693459692291599
544 0.0733248925781408
545 0.031161228620953
546 0.10669938888098
547 0.0319057446433357
548 0.0926574729851924
549 0.0471500858211711
550 0.0565758641964535
551 0.0480855960116014
552 0.0474107572294645
553 0.0316541699608123
554 0.043629565200152
555 0.00777484709490363
556 0.0525115142342655
557 0.0421903755190857
558 0.0623152882542337
559 0.0680449503663561
560 0.0722417077674031
561 0.0686847282389716
562 0.0320473249170828
563 0.0622030177410089
564 0.0463215903893569
565 0.025707045263446
566 0.0528661913665914
567 0.0596072023716204
568 0.0302299439247233
569 0.0560771065439251
570 0.0785626119345344
571 0.0602777163623576
572 0.0955162455806843
573 0.0552457856714953
574 0.0479936171932889
575 0.0833476924272787
576 0.0888353393254279
577 0.0660445113241848
578 0.051181842988533
579 0.0810564429853248
580 0.0561236084284795
581 0.0682938290097222
582 0.0485771084449026
583 0.0547070461977795
584 0.0619818257808523
585 0.0713737478925919
586 0.0484278174832933
587 0.0673424089635582
588 0.112089325784952
589 0.0469016227850149
590 0.0652837488534552
591 0.0675963109498398
592 0.145058207812857
593 0.335244887607688
594 0.498468985367026
595 0.452388980605832
596 0.236784227444548
597 0.0791716922708517
598 0.0439303876029332
599 0.0670223103601926
600 0.0666714597868633
601 0.0743051438158115
602 0.0966876627894251
603 0.0728784615050792
604 0.0243226325345005
605 0.0618435394346816
606 0.0515689531799372
607 0.00849822342857292
608 0.0774760059361887
609 0.0661631300981542
610 0.0632058267212741
611 0.0471293565562707
612 0.0427695993294931
613 0.0677906772002141
614 0.0589158980433032
615 0.0481261241198799
616 0.0417856774053444
617 0.0413577491709319
618 0.0781266999514249
619 0.0658020440228468
620 0.0216905741126003
621 0.0684441019129973
622 0.072186579972881
623 0.0617866807544241
624 0.0734314312989193
625 0.0354745904440579
626 0.0489635077005244
627 0.0459754148041923
628 0.0925132602650965
629 0.0619605315456762
630 0.084459372812735
631 0.0690624969673903
632 0.085854539915429
633 0.0349058015595888
634 0.0532301246231543
635 0.0689938560920326
636 0.0386073210121977
637 0.0779558550177196
638 0.033833206688829
639 0.0881155749579996
640 0.0496691435115691
641 0.0362828337083684
642 0.0553292029707442
643 0.0431750538768469
644 0.0446923350848036
645 0.0509601282810139
646 0.0832398311426281
647 0.077844296416873
648 0.0446357863484192
649 -0.00785985506954603
650 0.0824849460478815
651 0.0294260911465968
652 0.0518106800376112
653 0.0360711622772316
654 0.0464035697414017
655 0.0381211483711296
656 0.0553817979313644
657 0.0714920823033477
658 0.0712848876076767
659 0.0369525556163442
660 0.0442313712183283
661 0.0837259281330439
662 0.0449810836082197
663 0.0485284291493036
664 0.0640953984197833
665 0.100474346996197
666 0.0497216892037604
667 0.0593845211387686
668 0.0332009825134239
669 0.0470182367235927
670 0.0512968331374258
671 0.0617334196404873
672 0.0571037964597274
673 0.0794436167710316
674 0.0401445531403038
675 0.0503289347981364
676 0.0620527893229282
677 0.10390762270213
678 0.0607542772833446
679 0.0654099957822687
680 0.027289280830472
681 0.04848284847874
682 0.0777672781885325
683 0.0397380476287931
684 0.0374319209963343
685 0.0538619958214989
686 0.0984358973852699
687 0.0729499589559877
688 0.00459869177463273
689 0.08607658187411
690 0.0513508111394913
691 0.0444364334834717
692 0.0718983261486746
693 0.0329858964012665
694 0.0405896488452463
695 0.0450835209230448
696 0.094645859782082
697 0.0870445381390023
698 0.0420579589611513
699 0.0386694593876389
700 0.0405649499414918
