500 0.0290377870698651
501 0.0363766412694759
502 0.0225071909648823
503 0.0177775343427435
504 0.062998470535348
505 0.0465236275219037
506 0.0235856470539364
507 0.0271301737435622
508 0.0263710414071769
509 0.0297385230707763
510 0.0285962430802275
511 0.0215504546029757
512 0.0323423375888793
513 0.0293850141311373
514 -0.0155136279624308
515 0.0373746962153457
516 0.022907764439067
517 -0.0114983299881747
518 0.0261352237865826
519 0.0467742782465207
520 0.0284874161638459
521 0.00636505297885825
522 0.0321972120727423
523 0.0346598844300306
524 -0.00471377479859409
525 0.00644538198658603
526 0.0472500229263061
527 0.0283303769490486
528 0.0250881930802494
529 0.0605073312386532
530 0.0388314668036983
531 0.0264054711755735
532 0.0114165544164726
533 0.0723889420990444
534 0.0265476299170995
535 0.0178181782551178
536 0.0173447195111187
537 0.0291394615976504
538 0.0783649112284227
539 0.0458975395980818
540 0.0470203343297955
541 0.034840967924481
542 0.0265931443979132
543 0.0321734562419907
544 0.0551309363184105
545 0.0474424424342229
546 0.0311262511228626
547 0.0137799511114267
548 0.0166523528916647
549 0.0316133024982753
550 0.0374027027369236
551 0.0368675909119573
552 -0.0117374293231784
553 0.0582444090761442
554 0.0203815667947557
555 0.0592141574760745
556 0.0466942208609842
557 0.0302815025373665
558 0.0161098076880689
559 0.0408929363573591
560 0.0286756060183549
561 0.0309064794477802
562 0.0279969254275945
563 0.0272446618068327
564 0.0334480387789123
565 0.0339357669112655
566 0.0295681226505714
567 0.0501299930621043
568 0.0211973218012836
569 0.0338767378706076
570 0.0223504012434762
571 0.034516028377044
572 0.0311587154845134
573 0.035188390544966
574 0.00501121500467667
575 0.0387675304921815
576 0.00998766957161706
577 0.0312046060671173
578 0.0338764571725602
579 0.00244465465165429
580 0.0456004369261413
581 0.0430703235824328
582 0.0393153770369797
583 0.0255569164361562
584 0.0364549088042148
585 0.00489944182293759
586 0.0282731425809727
587 0.0267841323057828
588 0.0258743008861418
589 0.0573188465674187
590 0.95540005797292
591 0.116641227578182
592 0.0233013740732668
593 0.0122854383595357
594 0.0253079673165201
595 0.01169389754424
596 0.0448926838633536
597 0.0350489784276771
598 0.0313937045633688
599 0.0160570254617626
600 0.00587097635623447
601 0.023456242608986
602 0.0204014699770103
603 0.00588856650000425
604 0.0425096018031032
605 0.0081200263717221
606 0.0287655894070883
607 0.0484485865509246
608 0.00975327179922999
609 0.0226719769491591
610 0.00581097077107627
611 0.0234148897093179
612 0.0305819206046464
613 -0.0194147655060049
614 0.00688381453224511
615 0.0707257208213776
616 0.0381281895800859
617 0.0384651996422349
618 0.023134774339605
619 0.0249950009310549
620 0.0591742204760947
621 0.0438403376265845
622 0.0409017476113614
623 0.00434491242567868
624 0.0269459751872227
625 0.0600403628409165
626 0.045008986243392
627 0.0254632739898926
628 0.0320047419758148
629 -0.00797169322368617
630 0.0380486118028183
631 0.0204750601528284
632 0.0354121151017572
633 0.0459335536916965
634 0.0441530171870013
635 -0.0183944264030114
636 0.0345532245829479
637 0.0711610589413496
638 0.0322583990814017
639 0.0239550267598557
640 0.0289026297459309
641 -0.00908794637857645
642 0.039940934280779
643 0.0178464000075579
644 0.0597954612218827
645 0.0230964689721971
646 0.0220233449406073
647 -0.0170033426916787
648 0.0184649862704192
649 0.0279209719081105
650 0.0556699379279
651 0.0500844270010528
652 0.0225302946676131
653 -0.00034271215517321
654 0.00132740799250265
655 0.0233465896070991
656 0.0571829357945441
657 0.0335677517854509
658 0.0145783511735087
659 0.0128378576726519
660 0.00523054761891981
661 0.0213215885020848
662 0.012160899491278
663 0.0197563660505025
664 0.0604695001752244
665 0.00590906089663111
666 -0.0113953252953989
667 -0.018622225813928
668 0.0036389489594345
669 0.0445823413684523
670 0.0169318115263109
671 0.0392510171890158
672 0.0220637629521689
673 -0.0052761309594265
674 0.0028295056409026
675 0.0268109764660051
676 0.0439052258410174
677 -0.0173996586434173
678 0.0217613861547173
679 0.0495818592138959
680 0.014584137490576
681 0.0387872061965659
682 0.0256837818939005
683 0.026734439492585
684 0.0421379703302605
685 0.0271733974736954
686 0.00857729589557822
687 0.0490774094943863
688 0.00892778367284347
689 0.0450256399223744
690 0.00487993779905479
691 0.00285361966788411
692 0.0119279370929581
693 0.0101337189550244
694 0.0246723096862347
695 0.0137996169901291
696 0.0217539648231354
697 0.00513426064853727
698 0.0367233652932524
699 0.0138203982447176
700 0.043075156183566
