500 0.0131874183562671
501 -0.0187910451471573
502 0.0408063737681149
503 0.0259983291149471
504 0.0289494648413462
505 0.0463205196983712
506 0.0226562797961936
507 0.0155357564115749
508 0.0106617233095334
509 0.0271354220654705
510 0.024633726945958
511 0.0355562938706345
512 0.0243398114899966
513 0.0559014901999418
514 0.03726878735305
515 0.0125235945231138
516 0.0179841615835769
517 0.0256028582235261
518 0.013550164542292
519 0.0308433583388533
520 0.033804224408987
521 0.0210351521246863
522 0.0270702712847294
523 0.0491746167851722
524 0.0526087268161922
525 0.0154570664039437
526 0.0445508995495294
527 0.0459566069526821
528 0.0637981542845008
529 0.0150786397067715
530 0.0407501368489739
531 0.0324693587638391
532 0.0205013102200799
533 0.0441448056665023
534 0.0375434213142788
535 0.0316089088536703
536 0.0445862751263966
537 0.0364638542282114
538 0.0160851465828586
539 0.0142457807294363
540 0.0170933433241149
541 0.0196222096580556
542 0.0207428577746225
543 0.0421213105105556
544 0.0503107695605064
545 0.0545761750501571
546 0.0236995543616902
547 0.0353292776468633
548 -0.00435106178044649
549 0.032741944170972
550 0.00253785201073664
551 0.00187188190949453
552 0.0163930392467878
553 0.00761395227012294
554 0.0185821877733253
555 0.0243307321003219
556 0.0336043910911841
557 0.018765597928379
558 0.0392842394286351
559 0.0130939264122021
560 0.0153367283812669
561 0.0180129724250045
562 0.0395796108713689
563 0.0458845196568053
564 0.0154393305754519
565 0.0357093281110213
566 0.0460661637120045
567 0.0275297306988051
568 0.0533672104324649
569 0.0390557106283259
570 0.0597200218489995
571 0.908744603384395
572 0.0801955862473324
573 0.0267760445912344
574 0.0407888396374267
575 0.0623845488676627
576 0.0216090324902923
577 0.0531538296638778
578 0.0116462005570902
579 0.0402236672193571
580 0.0293990190990752
581 0.0836351005387823
582 0.0495892569888814
583 0.0330159154650612
584 0.0457206759429169
585 0.0276646061458488
586 0.0632799740854774
587 0.0595230691614604
588 0.0669157422666457
589 0.0328573035718089
590 0.953575922950494
591 0.155451458420308
592 0.0639807799498454
593 0.0323104363966924
594 0.0412772587277929
595 0.00380405299875313
596 0.00461800777027295
597 0.0356564332372236
598 0.0283120940923709
599 0.0433798576408897
600 0.0551749151500949
601 0.0439770161421743
602 0.0231811456513284
603 0.0386260967850229
604 -0.00902060067938674
605 0.0149405969855361
606 0.0300795409436625
607 0.0373977051453995
608 0.031325976535569
609 0.00740795053920417
610 -0.00784483933361864
611 0.0265781873515601
612 0.0216095754210963
613 -0.000849142107805196
614 0.00655045568911564
615 0.0295965794441966
616 0.0580454936852192
617 0.0408842824047979
618 0.0270760327619788
619 0.0479221422065667
620 0.0327244436471544
621 0.0232680917473631
622 0.0307608422078019
623 0.0396761851600985
624 0.0292112723268408
625 0.051602453790176
626 0.0315200461247735
627 0.0134389376361459
628 -0.0101398591833638
629 0.0379382375972634
630 0.0422190172618469
631 0.0445692947913233
632 -0.0134070367594076
633 0.016277710301114
634 0.0208046116298477
635 0.0480142810291371
636 0.046442986618255
637 0.0443676552638674
638 0.0428494010079812
639 0.01126271790239
640 0.00675068251824627
641 0.030471483886603
642 0.0225589070397909
643 0.0493758243872393
644 0.0217863306869394
645 0.0159125761321378
646 0.0711494152651694
647 0.0399241934808458
648 0.0409745499339289
649 0.0310536735055032
650 0.0168441370634072
651 0.007206496403679
652 0.0255385258524245
653 0.0362859301385968
654 0.0533622305184168
655 0.0407133723467706
656 -0.000738460121874934
657 0.0304544703890913
658 0.0392088825438821
659 0.0437854821241239
660 0.0471553406414633
661 0.0101231415772269
662 0.041694034759478
663 -0.00861772844268183
664 0.0397884676486505
665 0.043074396911935
666 0.0244002569287701
667 0.0289543625090728
668 0.0297758854608496
669 -0.00514767399504064
670 0.0407695986895201
671 0.0309865233637984
672 0.0708630810975876
673 0.0345716543653463
674 0.0226864919187252
675 0.0495837132838607
676 0.0336800478749841
677 0.0147996674163195
678 0.0299879465368003
679 -0.00558869816065948
680 0.0192948771078854
681 0.0178360776044091
682 0.0510581254623649
683 0.0103159194217045
684 0.0392170023932487
685 0.0201395068591008
686 0.0340000319851383
687 0.0355287841229557
688 0.0459387365132742
689 0.0203324243452158
690 0.031864052339299
691 0.0319824560079161
692 0.0335909932093504
693 0.0236066972082649
694 -0.000138264039289109
695 0.0342742799449616
696 0.0268066796277964
697 0.00396902063543821
698 0.0534177724799999
699 0.0475089616136524
700 0.0347344530413128
