500 0.0749921374147039
501 0.0283440652880759
502 0.0516640177742497
503 0.0605919155774205
504 0.0466470419863087
505 0.0910782574152149
506 0.0301616403118081
507 0.0854106456684328
508 0.0115571588923364
509 0.0681367863526705
510 0.0432947085141297
511 0.0470634515718374
512 0.0530803092626991
513 0.0397014810608121
514 0.0917233285248827
515 0.0951741090094591
516 0.0609353358945445
517 0.0627507362410932
518 0.0456875260455635
519 0.0446512743840989
520 0.0452333295757473
521 0.0694697326368931
522 0.0531529635563875
523 0.0288175812407207
524 0.0464534571176243
525 0.0961393895511836
526 0.0404404879538156
527 0.0544520419496447
528 0.0613702953233466
529 0.0565973912865777
530 0.0794216130973645
531 0.0976175694131779
532 0.0681885418556315
533 0.0468694289500343
534 0.069352941957602
535 0.0662940175931775
536 0.0699399943502331
537 0.077805031511049
538 0.0790308185162378
539 0.0550756105815056
540 0.0744886555357946
541 0.074490909611493
542 0.0590192190701384
543 0.0570758837792993
544 0.0911915971933754
545 0.0982864593269126
546 0.0192928681483559
547 0.0348103360457147
548 0.0776381846359273
549 0.0574357921021396
550 0.0641346059915792
551 0.0512715933130652
552 0.0153445303315815
553 0.0656259682106181
554 0.0682141147487898
555 0.0434204168738004
556 0.0705682224035692
557 0.0847266465922777
558 0.0911599548255745
559 0.0935355104325899
560 0.0391375145631088
561 0.0518988060018987
562 0.100078627154401
563 0.055284259778956
564 0.0285944716452805
565 0.0729382086591869
566 0.0623155173612653
567 0.0697280372984641
568 0.0374664438115962
569 0.0492441247790406
570 0.0866714293056414
571 0.0479553082351379
572 0.070589892166312
573 0.0862287747768231
574 0.0649238756933122
575 0.0820220215557641
576 0.100422607595152
577 0.137416595786794
578 0.169880506541156
579 0.216383066918668
580 0.147949844395517
581 0.110853626426788
582 0.0742174135686619
583 0.107913599761545
584 0.0395814169957216
585 0.0550266779521716
586 0.00288289696325999
587 0.0437858604667099
588 0.0957265266119127
589 0.0591293330969648
590 0.0613230682591045
591 0.0231740237268909
592 0.0538044186780059
593 0.0483100275166191
594 0.0617468465088167
595 0.0810154273777435
596 0.090602100332287
597 0.0922626769394707
598 0.0598443359191723
599 0.06790589232765
600 0.0584130888466033
601 0.0902389951138367
602 0.0520299642274965
603 0.0623716232394242
604 0.0602840715590116
605 0.0647220201172352
606 0.0631496104222017
607 0.0737250622886576
608 0.0663336142637682
609 0.0370201668666887
610 0.057792575591693
611 0.0678222452015146
612 0.0788179710519897
613 0.063104942772578
614 0.0850035351994609
615 0.0724729549311559
616 0.0400774377209164
617 0.0452983764633112
618 0.103113345212191
619 0.0639051335329655
620 0.0803809482023221
621 0.0630295310146208
622 0.0955998117487391
623 0.0671388687023156
624 0.0392831273204839
625 0.0956158434771989
626 0.0849097002716595
627 0.0856996946302315
628 0.0451696516749269
629 0.0729771830428531
630 0.0611825868153294
631 0.0446714364439105
632 0.0638190373064896
633 0.0953786804162385
634 0.0960813493144234
635 0.0860722212185858
636 0.116904047676975
637 0.0641304422740703
638 0.0608177960157461
639 0.0495650187545602
640 0.0711852968094231
641 0.0341365363166974
642 0.102542685859961
643 0.0866835874202251
644 0.0637052880995635
645 0.0494273912715002
646 0.0628919993006452
647 0.116592948180321
648 0.060437261943077
649 0.0671003739907363
650 0.0554239577614028
651 0.0609309221526274
652 0.0820553871897916
653 0.0699284443139602
654 0.0833034638585604
655 0.058711512856774
656 0.0719527723343814
657 0.0809151408727662
658 0.0657600133204028
659 0.0686557407831758
660 0.0520545480202824
661 0.0870798400136202
662 0.0464792274095199
663 0.0763701155157045
664 0.0686108896355959
665 0.063598324120147
666 0.0633656369760895
667 0.0755699402480093
668 0.0200104919819128
669 0.0698466796058815
670 0.073029362584885
671 0.0926542773961431
672 0.0481094903221408
673 0.0604613071400365
674 0.045802291531934
675 0.0662013350948139
676 0.0549535912667077
677 0.0747131850397125
678 0.0628378858377504
679 0.0217143458915118
680 0.0865621706115312
681 0.0509107486115473
682 0.0670083315804108
683 0.0653866612808138
684 0.0684366027728613
685 0.0632257048845828
686 0.0583065923734921
687 0.0601155164501675
688 0.093977163128858
689 0.0445049997566685
690 0.0593487334052504
691 0.0310490889133557
692 0.0853375829768187
693 0.0648520350892048
694 0.0603176385546791
695 0.0726525032376123
696 0.0692029027912504
697 0.0710762828376509
698 0.0664644327659824
699 0.0921712307440938
700 -0.00187345701269805
