500 0.0977838282630294
501 0.0534229870841144
502 0.0443740390488529
503 0.0648502691286872
504 0.0450426849805992
505 0.0614473023980895
506 0.0344052745870931
507 0.0443061185421838
508 0.0635273673527265
509 0.0805920535153721
510 0.0856465642487228
511 0.0458624306854169
512 0.08911809815158
513 0.0728518899775342
514 0.07559776816578
515 0.0410027796895264
516 0.0426333735098159
517 0.0363352277816691
518 0.083438525240224
519 0.0124489266320062
520 0.0568433628148585
521 0.0458018466599401
522 0.0607085897129089
523 0.057678377425247
524 0.0540385646329848
525 0.060315879594368
526 0.0523947603259739
527 0.0265854331262509
528 0.0589351202715493
529 0.035477173293452
530 0.0313759580563694
531 0.0782872598032805
532 0.0790697991343905
533 0.0351985537627665
534 0.0238875882596759
535 0.0719487126348937
536 0.0393776147410207
537 0.0542091077001793
538 0.0703385717697687
539 0.0543011462821795
540 0.0309562632369863
541 0.0512016228866066
542 0.0463764474237138
543 0.033705708112182
544 0.0496420358203839
545 0.0892787294556159
546 0.0241967292908402
547 0.0705846656412703
548 0.061532375617102
549 0.0757839639823697
550 0.039978272020542
551 0.0795988796330581
552 0.0813318024435317
553 0.0957731429924663
554 0.0558403920789262
555 0.0580409358716948
556 0.0149954725353079
557 0.0895417786317363
558 0.0820060436524997
559 0.0314826969721768
560 0.0934922479911154
561 0.0504109657001293
562 0.0650517761796487
563 0.0554040237386714
564 0.0792333229780042
565 0.0777718642489943
566 0.0338466030175773
567 0.0390914538896915
568 0.0699457129182783
569 0.048995093482321
570 0.0211612444976746
571 0.0430308255075018
572 0.0671966239541984
573 0.0239338385164114
574 0.0685304342969136
575 0.0443126982073985
576 0.0460768218000282
577 0.0377087412186315
578 0
579 0.0494290582898222
580 0.0955250324230165
581 0.0432805460613935
582 0.0774613006291614
583 0.0533569554139486
584 0.0631413396069011
585 0.0565317284874263
586 0.0660071768650458
587 0.0458728868558511
588 0.0478314444152793
589 0.0629431654161854
590 0.0560030117146646
591 0.0514753821181039
592 0.0907030940789411
593 0.0725543590530736
594 0.102438699548208
595 0.0910599099069651
596 0.110479968774191
597 0.158848425330421
598 0.1820116474308
599 0.136408479508396
600 0.129841169775271
601 0.11751498992411
602 0.0969132028912299
603 0.0820571310327276
604 0.103901989733375
605 0.0852279059950742
606 0.0682567735968912
607 0.0639946274919208
608 0.0445563699239141
609 0.0619114569295292
610 0.0611379951794304
611 0.0163683631358591
612 0.0367348145186075
613 0.0606592194968359
614 0.0246329167556928
615 0.058629689161153
616 0.0418689460160531
617 0.0501175327826715
618 0.0352309871568928
619 0.0834675520753315
620 0.0699854705941926
621 0.0429361085334459
622 0.0320660526666978
623 0.0448485532477139
624 0.0521158707993502
625 0.0366465626558205
626 0.0633142135950908
627 0.0646636799619159
628 0.0533833850456443
629 0.0395286520948372
630 0.049803528630483
631 0.0551980336910471
632 0.0613785353080676
633 0.0492559227649888
634 0.0997129871034463
635 0.0817153716506969
636 0.0519896543585436
637 0.0171446776470607
638 0.0464195931176781
639 0.0636543416139973
640 0.0682460344433646
641 0.0102514740184579
642 0.0431381388526899
643 0.0605566811056115
644 0.0586203962148044
645 0.0386209268554903
646 0.104901821824278
647 0.0337913437442566
648 0.0375972428886914
649 0.0284893219044596
650 0.00346869224037234
651 0.0687833329214492
652 0.0507391876402976
653 0.0547499064313539
654 0.0464690495945407
655 0.0648391236004905
656 0.0597708453016431
657 0.0529451051215961
658 0.0489144909194597
659 0.052215545800955
660 0.0324086338240386
661 0.0449747136817792
662 0.105056057240085
663 0.0297293494995917
664 0.00446329261065444
665 0.0325708378490678
666 0.0187741384506275
667 0.0778086154795111
668 0.0562425823693347
669 0.0599718815563301
670 0.0399842562338522
671 0.065608920414237
672 0.0729551275024839
673 0.0749307928644945
674 0.0909149670337558
675 0.0502142991205643
676 0.0520865211922659
677 0.0221367243965589
678 0.0500788529403305
679 0.0782014618319123
680 0.0481404694699986
681 0.064031308518615
682 0.0447802549998876
683 0.0534029178079684
684 0.052804190992574
685 0.06787593772095
686 0.0462024182667284
687 0.0488576359138764
688 0.0468138557828557
689 0.0672590472534928
690 0.0570065559541044
691 0.0498878413407808
692 0.0808052734737594
693 0.0358930320138706
694 0.0622070099092458
695 0.042365759489777
696 0.0569584200783031
697 0.0617005605800987
698 0.0294311476970953
699 0.0501717763825095
700 0.0601584193915404
