500 0.0611393883590895
501 0.0513055026324736
502 0.0585595742080997
503 0.0350600519479143
504 0.0582601023105155
505 0.0263732440957809
506 0.0413227919792311
507 0.0549367768136886
508 0.0690381843072021
509 0.0433342512185011
510 0.023018672353379
511 0.0454411330870489
512 0.0346627753118021
513 -0.00226932693605933
514 0.0676452312271911
515 0.0295944389958353
516 0.0635854310768934
517 0.0325953511285189
518 0.0577103391831095
519 0.0749560414578569
520 0.0664615799404679
521 0.0457646955977493
522 0.0892685388643303
523 0.0441617635080933
524 0.041922130785013
525 0.0719475306104263
526 0.0422565648563134
527 0.0523805787030131
528 0.0200684202608562
529 0.0510544946432347
530 0.038839937045143
531 0.0497346200513945
532 0.0795620010427132
533 0.0796123282071794
534 0.0269785162789541
535 0.0571730188222312
536 0.0773622668890466
537 0.0772079386825947
538 0.057479917063578
539 0.0184349736571193
540 0.0329435829088263
541 0.0815525821479627
542 0.0742781845109187
543 0.07601050348162
544 0.0423279555566427
545 0.0284853228711345
546 0.0579572881967581
547 0.0693573117874248
548 0.0302988824549155
549 0.0390830567602425
550 0.0544396403299416
551 0.0523824340059209
552 0.0330343743146982
553 0.0797802558325155
554 0.0505086133227706
555 0.0528128579860551
556 0.0457282023991413
557 0.0590523895025447
558 0.0551351058133865
559 0.0848542611801127
560 0.0567576121627123
561 0.0302453281688492
562 0.0225645373015386
563 0.0396253736346736
564 0.048216093128097
565 0.0598762707309763
566 0.0315410726077834
567 0.0157468671946858
568 0.0561030995160942
569 0.0666136578697921
570 0.0458054048151319
571 0.0249973034309941
572 0.091464715732423
573 0.0679766833657927
574 0.079029991549198
575 0.0148058880933505
576 0.019360991064828
577 0.0532376326195385
578 0.0739175507424345
579 0.0371903381722396
580 0.0832441062005632
581 0.0633685100192704
582 0.0514740381992988
583 0.0617693222399653
584 0.0819171719759692
585 0.100272947890688
586 0.0999337615151176
587 0.136640567322856
588 0.155442856983984
589 0.161644319629836
590 0.17716964176475
591 0.14676164701976
592 0.0708375626056714
593 0.0691222101919071
594 0.0905377759568718
595 0.0497556418018081
596 0.0517991877222605
597 0.0383617677992682
598 0.0410737818555717
599 0.0494917939455529
600 0.00200451793941241
601 0.0579597330372026
602 0.0365719659358025
603 0.066835793350412
604 0.01577877129432
605 0.0859575899673072
606 0.0607894678140206
607 0.0459205188932461
608 0.0686115645282735
609 0.0461616689216554
610 0.0562845260504941
611 0.0768276529387635
612 0.0176276332653949
613 0.0623792237884148
614 0.04089176097482
615 0.0565735001144539
616 0.0657112590608296
617 0.0668688119281143
618 0.0472941880673948
619 0.059326009433817
620 0.0298337194710787
621 0.0944555182814941
622 0.0703995652866936
623 0.0546817153227313
624 0.0484550072289004
625 0.0467169886346914
626 0.0651216710999315
627 0.0485522802438481
628 0.0395044486956951
629 0.0731667902579965
630 0.0599959452437265
631 0.0594692296037936
632 0.0783574702012348
633 0.0994188106468819
634 0.038849617021612
635 0.06659158545673
636 0.0526879355534148
637 0.0486110796474563
638 0.0651741803430458
639 0.0417648370853051
640 0.0750309552768775
641 0.0561241606445541
642 0.017993313759234
643 0.0184682721380213
644 0.0991312797741394
645 0.0340396560801924
646 0.0296698316081897
647 0.0397644083109834
648 0.0702482333199485
649 0.0334534410818675
650 0.0449591035819532
651 0.039555334950291
652 0.074712174319427
653 0.0646544963860858
654 0.0643467862943187
655 0.0461232526649157
656 0.0355773011436061
657 0.043435785682267
658 0.0289611530613914
659 0.0527296725066446
660 0.0392752561253118
661 -0.00357486695749685
662 0.0615308738839753
663 0.0616827034936828
664 0.0467287333902812
665 0.0500705531502065
666 0.0531843356876087
667 0.0792896419698947
668 0.0547207227759269
669 0.063289170548036
670 0.0411863399803982
671 0.057170005579031
672 0.0537084169795283
673 0.0472747658316423
674 0.0773157776565797
675 0.0784040577682447
676 0.0354913072932167
677 0.107214849350966
678 0.0589942714496208
679 0.0454892130502586
680 0.0876903547939896
681 0.0597580152075514
682 0.0102704358311162
683 0.0418321618118068
684 0.0741374043071425
685 0.0744855923910851
686 0.0777198213782008
687 0.0271211006760494
688 0.0455486215511589
689 0.0432480767686516
690 0.0403649721861656
691 0.040917959467048
692 0.0150197798925447
693 0.0842259118383522
694 0.0485502321208531
695 0.0433762922918417
696 0.056710902238997
697 0.0315660551003883
698 0.0551084237949017
699 0.0681276689727768
700 0.0615323664456776
