500 0.00432284165786388
501 0.0854614917820488
502 0.0771808331548646
503 0.0209255921376096
504 0.0468931672138296
505 0.043225864365574
506 0.0278111986010597
507 0.0300515378105397
508 0.0619072693142607
509 0.0778439142945152
510 0.038481207093177
511 0.0163095457470756
512 0.0545622418103921
513 0.036106610413089
514 0.0451705924188428
515 0.0794163497097966
516 0.0573479492923717
517 0.0567801445260421
518 0.0484834850338424
519 0.0581370058646204
520 0.0102610619443351
521 0.0367178241596604
522 0.0250697511508767
523 0.013341505419877
524 0.045378544636829
525 0.0660111164526264
526 0.0535017450393713
527 0.047328786386119
528 0.039122186040739
529 0.0575520313713273
530 0.0157126121032969
531 0.0392267485207374
532 0.0242951398832108
533 0.0497847208595389
534 0.0633915078655153
535 0.0396040480146978
536 0.0633684819425408
537 0.0641093854477806
538 0.0435827191370506
539 0.0927161328285819
540 0.0466199117992664
541 0.0555590173186829
542 0.0595424765429028
543 0.0733010872490593
544 0.081748211876431
545 0.0241671736749755
546 0.0339012303202853
547 0.0485509383313662
548 0.0425529374830552
549 0.0466008352656382
550 0.0323644555582121
551 0.0656846124324458
552 0.0266724516284103
553 0.0663077888780515
554 0.0583550290345017
555 0.0734992154696864
556 0.0562585521144537
557 0.0193037705645474
558 0.0133233716128875
559 0.0277687313460196
560 0.0197918037036749
561 0.0492620116936411
562 0.0247006986437532
563 0.0631450686009724
564 0.033172841108346
565 0.0329377705023729
566 -0.00327134237973951
567 0.0509565492923212
568 0.039492525938833
569 0.0758794490650381
570 0.0373665241015289
571 0.0242315048186659
572 0.0263769205607199
573 0.0391312265640832
574 0.0420582338459478
575 0.0508404881562054
576 0.0346153311468533
577 0.040035861026892
578 0.0758084574420432
579 0.0253317237541189
580 0.059945488772184
581 0.0237807579346768
582 0.0212037787535992
583 0.0852034607634802
584 0.0845718299811365
585 0.0497997089195676
586 0.0625257217305338
587 0.0470415988137729
588 0.0272183165176249
589 0.0638191644391535
590 0.0931882047084563
591 0.120525026433942
592 0.130391916407057
593 0.111955424536256
594 0.150855180434554
595 0.136915205603816
596 0.052613017167413
597 0.108845067603431
598 0.0386507680039725
599 0.0226935942962902
600 0.0399184522676282
601 0.0470072789996636
602 0.015589993337516
603 0.0124803032791553
604 0.0749777605630838
605 0.0673197173885818
606 0.0640249299029124
607 0.0504836786100566
608 0.031983883081284
609 0.0410186078858316
610 0.0835779433636521
611 0.0338736051826694
612 0.0193317879665506
613 0.0656619363285852
614 0.0393078227124418
615 0.0347742861845868
616 0.0115566025184089
617 0.019884663819106
618 0.0300599744215001
619 0.0810220737490111
620 0.0296219359537731
621 0.0892552880602923
622 0.0462338296675639
623 0.0264297897417469
624 0.0633206502332183
625 0.050178185061475
626 0.0568470237842455
627 0.0424997811287617
628 0.0851954999765896
629 0.0495908235128109
630 0.0327285362694137
631 0.0404466283673639
632 0.0831080588965955
633 0.0653288146481157
634 0.0610790270732025
635 0.0792357359101775
636 0.0252498602639563
637 0.0361648486609335
638 0.0467753140618886
639 0.0370084931023393
640 0.0129541809031423
641 0.0344425149877666
642 0.0516950303731031
643 0.0501881737699061
644 0.0544909191862592
645 0.0667188882950978
646 0.0487311112717313
647 0.0464084839961025
648 0.0554863588560073
649 0.0663953127149977
650 0.0632403763986401
651 0.0380206772517785
652 0.0493760176429386
653 0.00668582811094843
654 0.0469464237660886
655 0.0828595897179208
656 0.0253546288321848
657 0.0507253330270678
658 0.0223103544660079
659 0.0436718649947408
660 0.0313831166919634
661 0.061340307990027
662 0.0199402452782554
663 0.0497848928538932
664 0.0540866793345956
665 0.0664310329047148
666 0.0530386689344541
667 0.0362564124007612
668 0.0752145474629159
669 0.0815852134944514
670 0.0234001688812045
671 0.062521950764453
672 0.0286344503851814
673 0.0485788259814741
674 0.0233753525682614
675 0.0356289745800828
676 0.0399388935322291
677 0.0363858769312742
678 0.0799954253705327
679 0.035459639162092
680 0.0216735944146503
681 0.0429759014894161
682 0.0410448943250429
683 0.013803052582371
684 0.0258681229446714
685 0.0706243781726357
686 0.0672409552677037
687 0.0148411908703867
688 0.0458760074583948
689 0.0552389263094798
690 0.018616979547502
691 0.0285702781019027
692 0.0810609955108306
693 0.0296034274147375
694 0.0477448663341566
695 0.0550159136739307
696 0.0689458510610036
697 0.00986850543040431
698 0.0735166917271177
699 0.0262576677377801
700 0.0630847198806382
