500 0.09684564157647
501 0.0532835834473513
502 0.0187321823772108
503 0.105006373771274
504 0.056908219435238
505 0.0362569240846964
506 0.0569180448398475
507 0.0475618866829412
508 0.0244392447630516
509 0.0541432332667357
510 0.0376074270005306
511 0.0514225536868134
512 0.0379401832110277
513 0.0262938643614528
514 0.0413481811407347
515 0.0339866076065365
516 0.0417046698169462
517 0.0209985856346594
518 0.0522877381114981
519 0.0605212273158551
520 0.0408289818966495
521 0.0316821790044607
522 0.0475292559440841
523 0.0230368887157622
524 0.0638952731008135
525 0.0265575116057545
526 0.0630677194585287
527 0.0505735179708964
528 0.0238044606671868
529 0.0449339553680701
530 0.0539718281345886
531 0.0445605880438949
532 0.078073693460041
533 -0.00574593224446289
534 0.0896118650960858
535 0.00346204183987569
536 0.0619795456572797
537 0.0504655400778268
538 0.0961173630612143
539 0.0483985262657918
540 0.0383771664167899
541 0.0747649142499505
542 0.032311483872921
543 0.0537714278560855
544 0.0543866784667875
545 0.0157438373925625
546 0.0355632823031493
547 0.0515986258476322
548 0.027370163530905
549 0.0471804325402739
550 0.0545579832028022
551 0.0464953364474461
552 0.042533505692747
553 0.0332539022248662
554 0.0638725182824789
555 0.0552779426482956
556 0.0270672421856305
557 0.0890198006914376
558 0.0521941054250495
559 0.0710998386330153
560 0.0348898487544011
561 0.0574144888199622
562 0.0615861051859644
563 0.0536742335609892
564 0.0454948468283746
565 0.0538729878012154
566 0.0580185137300183
567 0.0324935770839111
568 0.0677092124163719
569 0.0554542725515577
570 0.0648019603038371
571 0.0929588972372391
572 0.059143195354245
573 0.0601244370695267
574 0.0176448027695703
575 0.0431296609097287
576 0.0806098639565289
577 0.0320907785827523
578 0.0345383827894889
579 0.0762575346904277
580 0.0436573063218583
581 0.0734612598634979
582 0.0449413517546646
583 0.0251038940531836
584 0.0462337655976944
585 0.0414088730320068
586 0.0374267181693429
587 0.0503585272829651
588 0.043926619056783
589 0.0697586283905987
590 0.0423614689129739
591 0.0600590447302669
592 0.079312924230939
593 0.0402346854567589
594 0.0864154371118351
595 0.0506546202013703
596 0.0641808566544896
597 0.0356813139186891
598 0.0642299154231539
599 0.0638522109701023
600 0.0801854525852817
601 0.0967492522950871
602 0.173140032550415
603 0.22821336562814
604 0.236436918673285
605 0.19447129653943
606 0.150610977809909
607 0.114318029940143
608 0.0868169563198682
609 0.101458972425575
610 0.0509858021670828
611 0.0251479608667523
612 0.0462878325492317
613 0.0649577702710269
614 0.0689224474031081
615 0.0395217806435764
616 0.052936527907285
617 0.0388485466906454
618 0.0283014056568095
619 0.0506494756093581
620 0.0572961667744006
621 0.063323845094454
622 0.0563780117372818
623 0.0150074523116147
624 0.0442069044572535
625 0.0947177266203926
626 0.0393364384319291
627 0.0500793707476694
628 0.0260857187785328
629 0.055124555522337
630 0.0608622373360249
631 0.0321883787411628
632 0.0467521696894264
633 0.0566157891382209
634 0.0973332900921944
635 0.0307947768176058
636 0.0128958698049768
637 0.0522633348398317
638 0.0426638399348003
639 0.0538458972621242
640 0.0463636122162275
641 0.045043322837185
642 0.0622669463939623
643 0.0213737497224417
644 0.0517140291620543
645 0.0568498883641992
646 0.0274726706452259
647 0.0303404943214618
648 0.034706087763658
649 0.0658356795332819
650 0.0255873938956254
651 0.046471542806659
652 0.0296520246756629
653 0.0734517176130936
654 0.0466497081372153
655 0.0700400646772067
656 0.053420872386306
657 0.0400528714581586
658 0.0318300455687763
659 0.0244178742389822
660 0.0751803370743423
661 0.0360463108619209
662 0.0361183844095298
663 0.0410949122931814
664 0.0596658377515945
665 0.0533302088228841
666 0.0442346139251143
667 0.0562665367018109
668 0.0896412244989227
669 0.0599998651123258
670 0.0835695709911584
671 0.0340741854620108
672 0.046417970994262
673 0.0402362009443869
674 0.0588243067112969
675 0.0406825598665783
676 0.0492755263944515
677 0.0796581752757581
678 0.0234133647673512
679 0.0372502714114856
680 0.0359382918653226
681 0.0377529781811611
682 0.0706926508633146
683 0.0620103302093778
684 0.0136250486355876
685 0.0703451108553678
686 0.0266097050274534
687 0.0469355104039428
688 0.0455491484359361
689 0.0659395951207434
690 0.0451730391587419
691 0.0353515581263216
692 0.0469113171967694
693 0.0307603869723232
694 0.0665881323316219
695 0.0375330124716916
696 0.0258248494578741
697 0.0666751385218854
698 0.0586160323352202
699 0.0640511920326337
700 0.0529733724748053
