500 0.0444934021651183
501 0.0524518525220249
502 0.0806579291002444
503 0.0596156936450154
504 0.0790299209985528
505 0.0572922302496623
506 0.024298600036898
507 0.0544374869919089
508 0.0364539350377218
509 0.0768768836887329
510 0.073481621897043
511 0.0887852384801701
512 0.0860276555154531
513 0.08066880001308
514 0.0614111231533874
515 0.0958313192865003
516 0.0373496316877598
517 0.0444652216934394
518 0.0513238546344258
519 0.0439056613695875
520 0.00919450423452666
521 0.0170709965089012
522 0.0385945103087833
523 0.0565698149707105
524 0.00544870888581508
525 0.0378831347577226
526 0.0963552269541533
527 0.0714981674231514
528 0.0469597844179464
529 0.065980425312697
530 0.0613743922906777
531 0.0469534561172958
532 0.0346181330738059
533 0.0364422283871436
534 0.0160247319327525
535 0.0611441520057855
536 0.0481466551208249
537 0.0670855765645086
538 0.0626485654452927
539 0.045547869206102
540 0.028648857473987
541 0.015756666472053
542 0.0507283097114027
543 0.0574655604554992
544 0.0427855501188048
545 0.0457759785588729
546 0.0377054304767846
547 0.0284366899088688
548 0.0733042940117598
549 0.0470539242244175
550 0.0765560987806406
551 0.0487663846263202
552 0.0442757949875912
553 0.0311272400829263
554 0.0353184305191125
555 0.0636865993977332
556 0.0344970539737291
557 0.0129799580264551
558 0.0327784024504314
559 0.0295761638243277
560 0.0564766067908107
561 0.0564911657239648
562 0.0544004819496458
563 0.0862228303215314
564 0.0328706422308173
565 0.0129367336996428
566 0.0482187944796952
567 0.0468914638883124
568 0.0477611881920026
569 0.0613029931823195
570 0.0596037054468632
571 0.0690252601083565
572 0.185547236014019
573 0.316527201604518
574 0.384251364025431
575 0.240623024337344
576 0.0973832142959458
577 0.0876047069406542
578 0.0360361235973084
579 0.0302703465605862
580 0.0693141988555142
581 0.0609906707783267
582 0.0410247713572748
583 0.0576023501859801
584 0.0565313401020348
585 0.0661040325479133
586 0.0658575352004485
587 0.0485295942490169
588 0.0666179634174384
589 0.0583866288923949
590 0.0570937560080213
591 0.0818177445832122
592 0.155442722794455
593 0.30147937277101
594 0.471736331470642
595 0.404742082150111
596 0.197292805093919
597 0.0723181953159155
598 0.0468581616899698
599 0.0887324989786851
600 0.0364867110428193
601 0.0718120769883102
602 0.0587277384388856
603 0.017119520359173
604 0.0503853805599667
605 0.0598494313027055
606 0.0571095718995183
607 0.0676451062159524
608 0.0470910987643386
609 0.0429720175960004
610 0.0422481774391004
611 0.039073552568281
612 0.0580308869858636
613 0.0291373095209694
614 0.0516080018633596
615 0.0579160850338136
616 0.0524978216973498
617 0.0691471479268265
618 0.0318115603599572
619 0.0643457912226574
620 0.0498228965603032
621 0.0241384224936433
622 0.0623538286340879
623 0.0430544815920981
624 0.052639155723884
625 0.0409206523745212
626 0.0595739328813991
627 0.0444820394499538
628 0.0961224876168373
629 0.0409348086679287
630 0.0591550650579248
631 0.0239587743988327
632 0.0643750408288262
633 0.0470538989864862
634 0.0678425244849685
635 0.0679426398688425
636 0.0721081642087325
637 0.0332454463827646
638 0.057848028434058
639 0.0616733417544836
640 0.0776218566997429
641 0.0621173961153394
642 0.0756278558822033
643 0.0555555074215025
644 0.0596786229671353
645 0.0231783841139417
646 0.0397575100885599
647 0.0535032132745526
648 0.0265615310391983
649 0.0672431286900497
650 0.0174324035359482
651 0.0618123435122701
652 0.0207075838893524
653 0.0398659518614422
654 0.0308822888499441
655 0.0106498599577786
656 0.0473467379069602
657 0.0493596874777055
658 0.0334456367018659
659 0.0668926924744869
660 0.0580511147340636
661 0.013584706954412
662 0.0271374382149237
663 0.0423259081642171
664 0.0360427087662153
665 0.0971563204768994
666 -0.00406148068141192
667 0.0763309411586972
668 0.0586979320778612
669 0.053739787386587
670 0.0435319631689485
671 0.0414066559478602
672 0.028439039929994
673 0.0493509562978217
674 0.0260961570393639
675 0.050401224436057
676 0.0280378629989315
677 0.074475063380363
678 0.0192415373311223
679 0.0500908377689282
680 0.0707718693590729
681 0.0416518940689492
682 0.0508937417648138
683 0.0120916363403866
684 0.0800491127202534
685 0.0681390347882539
686 0.0850387650922512
687 0.0853869420844408
688 0.0400687224738506
689 0.0208724732761751
690 0.0193430433501361
691 0.06167060430372
692 0.0474568339868383
693 0.0534979353976756
694 0.0667503380805887
695 0.0497500392317446
696 0.0380632254340934
697 0.0331942058655668
698 0.0510504146551352
699 0.0735090400273774
700 0.0369040271287015
