500 0.019495942965278
501 0.0381940236001927
502 0.0775106797691415
503 0.072046760344844
504 0.0278180603229522
505 0.0629771648979821
506 0.0627461699176629
507 0.022905028433099
508 0.0369142369358371
509 0.0593386210728008
510 0.0365943913375224
511 0.0621205767427727
512 0.0725752852275525
513 0.101951158981417
514 0.0294470312975177
515 0.0391985951079656
516 0.0871290533231139
517 0.0282973015551757
518 0.0149012711889453
519 0.0596349613272567
520 0.0465329251061124
521 0.0178892588521855
522 0.0779748565915849
523 0.0622516665215472
524 0.0627546160004159
525 0.0194419412131286
526 0.0300521899126208
527 0.0485853729299661
528 0.0513618911126225
529 0.0335613283222624
530 0.028864437347756
531 0.0728900582805258
532 0.0344496950963431
533 0.0308199636815646
534 0.0767841002850205
535 0.0794923938269818
536 0.0833234978203116
537 0.0424930161165423
538 0.0756079927302193
539 0.0742946588184326
540 0.0576876328175242
541 0.0207248380759446
542 0.021811321354435
543 0.0826786225745585
544 0.0565171823733473
545 0.0335394050035411
546 0.04816617429474
547 0.0440571547924135
548 0.0732028836319316
549 0.0207379608363515
550 0.0703598422823519
551 0.0537968508355637
552 0.0575226925177899
553 0.0618009313304504
554 0.0299935108525218
555 0.068196033056513
556 0.0652334855218972
557 0.0900156829960633
558 0.0393547729672738
559 0.038713209220435
560 0.0388270467824777
561 0.0390357173177051
562 0.0572352171724865
563 0.0727731565040562
564 0.0407932665390776
565 0.0711310205427237
566 0.0863474166804991
567 0.0543659812114718
568 0.0464380388800396
569 0.0758596054677368
570 0.0219217435545005
571 0.0330647807718586
572 0.0433671315085242
573 0.0464245233768227
574 0.0607226853047859
575 0.0570559359770236
576 0.080969967311443
577 0.0852466251439842
578 0.00716634728858693
579 0.0201520015442771
580 0.0741788657499061
581 0.0696678390051937
582 0.072222797159192
583 0.0387186100645134
584 0.0327521964928682
585 0.0444733274054089
586 0.0540131948443762
587 0.0772112430006376
588 0.0382705582332906
589 0.0407889789605376
590 0.0858420982729599
591 0.0466719716789989
592 0.0759999917374974
593 0.0261709327880033
594 0.0913653403046859
595 0.0560035597360568
596 -0.00391132610966452
597 0.0563883547477782
598 0.0364749242574256
599 0.04277637419068
600 0.0693843521302083
601 0.0130519385360252
602 0.0441945407492458
603 0.0415975698339164
604 0.0392930034844009
605 0.0672077042217682
606 0.0377408356177288
607 0.0630623015511958
608 0.0546694610727514
609 0.0998806808589228
610 0.0984009171892185
611 0.185525252643048
612 0.186274538101124
613 0.204458464823001
614 0.195539514891311
615 0.136974379675807
616 0.149518674037335
617 0.122669663017742
618 0.100009093051046
619 0.0569125368894142
620 0.0638815549109744
621 0.0476183814530766
622 0.0525142143456791
623 0.0789710480222723
624 0.0209537478165788
625 0.0805828916520365
626 0.0501600120718291
627 0.0572912963444292
628 0.0698746137287203
629 0.0538499146117258
630 0.0709238771085471
631 0.0289006935118814
632 0.0375766434902794
633 0.0405265112190784
634 0.0284541024281637
635 0.0969288275030733
636 0.0220100480933718
637 0.0440557580489889
638 0.0916492707485726
639 0.0373943540403991
640 0.0396461155866175
641 0.0854376637575488
642 0.0303429980050629
643 0.0272361070512636
644 0.0732531647031545
645 0.0555897529255175
646 0.00713576633517977
647 0.036585578789986
648 0.075559002854625
649 0.0425636372182526
650 0.0859786922630954
651 0.0735610272241641
652 0.0498094671796562
653 0.0711999370540819
654 0.0392864552360583
655 0.00314413547647303
656 0.0269681672235697
657 0.0722791997309509
658 0.045852587432113
659 0.0341940960884162
660 0.0500073271296734
661 0.0641798606261613
662 0.0177356316557635
663 0.0617825849420659
664 0.0400363911764376
665 0.100706498043716
666 0.0499923627463112
667 0.0755095970463038
668 0.0418501860708083
669 0.0195932292139457
670 0.0460247373914387
671 0.0664117955743895
672 0.0457836033949151
673 0.0177618110133332
674 0.0395729756203786
675 0.0428048379261484
676 0.0848990074116049
677 0.0332602901743334
678 0.0463636432138119
679 0.0626218176688812
680 0.0255079563055678
681 0.0559754546282329
682 0.0480804633520814
683 0.0546238858287017
684 0.0774027546865532
685 0.0332268683543979
686 0.0583066182734314
687 0.0417335151854033
688 0.0564348634630602
689 0.0275676030261458
690 0.0255336437886064
691 0.0727543859348616
692 0.0363808985189536
693 0.0531351860979459
694 0.0361105577689018
695 0.0228343555642557
696 0.0519197082344662
697 0.0277091540314017
698 0.0668971810298265
699 0.0885152670375097
700 0.0233070148113103
