500 0.0302492017716604
501 0.00507955931064676
502 0.0650149410054442
503 0.0152567540957324
504 0.0453509442765518
505 0.0411961089379666
506 0.0555067568708476
507 0.0252553019809929
508 0.0500793656689535
509 0.0636179997196648
510 0.0279112455512494
511 0.0373544908246264
512 0.0165717240577019
513 0.0121769633101958
514 0.0280047134798092
515 0.0245409412334027
516 0.00389192664230731
517 0.0575545763630147
518 0.0140938923952255
519 0.0257451790644714
520 0.0668612231261256
521 0.0206877062351659
522 0.083400264406836
523 0.034739461003951
524 0.0388411096313162
525 0.0552959098412518
526 0.037639129941627
527 -0.00373914553472186
528 0.0348161098922471
529 0.00776344802312937
530 0.0727805538069306
531 0.0655453185662984
532 0.0214733899770481
533 0.0220770106404033
534 0.0209850863214065
535 0.022453550253674
536 0.0531580908247171
537 0.0252837209847493
538 0.0159120085674292
539 0.0178232357134792
540 0.0524500943516893
541 0.0450817083715715
542 0.0477585782164026
543 0.0579302530046406
544 0.0228139015794102
545 0.0469037938003396
546 0.0557091115823457
547 0.0235852990396134
548 0.0203870232286532
549 0.0531208427145881
550 0.0329829768023739
551 0.00553936495498376
552 0.0254212957012901
553 0.0757378549602399
554 0.0281115318158957
555 -0.0209331536099356
556 0.0452586777575992
557 0.0211800812987865
558 0.0301794001829989
559 0.0323330550565683
560 0.0602663947782091
561 0.0325710024574136
562 0.00274355026270306
563 -0.00664336569836965
564 0.024243795456529
565 0.0412261875324751
566 0.0103276964271366
567 0.0381181090102128
568 0.027148274446449
569 0.0281595183788989
570 -0.0136632462005749
571 0.262800492785905
572 0.328272589714566
573 0.063946033457436
574 0.05867368750713
575 0.0233671446498257
576 0.0586338141125616
577 -0.0236734424089082
578 0.0248547578021452
579 0.0585153876044526
580 0.0246148806937346
581 0.0112144887653039
582 0.0461953778007344
583 0.030614190018355
584 0.0764072333209012
585 0.0406466927070354
586 0.0292476943176347
587 0.0232244289899702
588 0.0374434632677086
589 0.0331809217899159
590 0.0140431909780943
591 0.0400046059127489
592 0.0235495299209544
593 0.0501886836388798
594 0.0331966973959743
595 0.00943320161969517
596 0.080970325170525
597 0.0228179707444645
598 0.0670999224091338
599 0.0212103005497817
600 0.0388683413712659
601 0.038281452970357
602 0.0321920281952077
603 0.0264177512807733
604 0.0609437929749165
605 0.0303627444883888
606 0.0733420629119013
607 0.0252432483144346
608 0.025529291336142
609 0.054916526141523
610 0.0643390359683008
611 0.0283759416344014
612 0.0516662297769851
613 0.0410313837415336
614 -0.00965863308476887
615 0.056311106353309
616 0.0214417105668687
617 0.0332803519274287
618 0.0198112938242409
619 0.0297644683228746
620 0.0211935985614048
621 0.0285016299857717
622 0.0240679541005449
623 0.0461446648384318
624 0.0363604815518553
625 -0.0205588768822862
626 0.0246226015173349
627 0.0444914114390469
628 0.0499656576256903
629 0.0548129222111326
630 0.0396081570073728
631 0.045044872120833
632 0.0281089476998401
633 0.0646153000577397
634 0.00165374380301113
635 0.00781578044955843
636 0.0248511958956085
637 0.0316873283796821
638 0.00136678167837109
639 0.0375693407103943
640 0.0561366736298609
641 0.0483307442293931
642 0.0342707575763038
643 0.0326509925732779
644 0.0562070199977626
645 0.0492638864708903
646 0.0256562793615119
647 0.0176086273583066
648 0.0249623653632159
649 -6.53880720517253e-05
650 0.0411659180155963
651 0.0230780599600515
652 0.0359702722460907
653 0.039711064161722
654 0.0165530433806421
655 0.0511552248440135
656 0.0156977244265583
657 0.00709999172533926
658 0.0277988091640206
659 0.031697766417791
660 0.0171491352188114
661 0.0306823410691358
662 0.0470536711023028
663 0.0231761137765832
664 0.0640499089500625
665 0.0326197390978832
666 0.0356655402033505
667 0.0727481307742644
668 0.0356401198236033
669 0.0562104866957554
670 0.0494212024664918
671 0.00100109128623972
672 0.0220025834253093
673 0.0341157138602897
674 0.0443327203037795
675 0.0516473672585753
676 0.0504116414133473
677 0.028943179851816
678 0.0537722716457356
679 0.0577794001739341
680 0.0195185252435934
681 0.0324900240500687
682 0.0315598639488385
683 0.0124112345688566
684 0.0279876838458412
685 0.0572607495027836
686 0.0368983012420812
687 0.0277805370609989
688 0.0606404506598526
689 0.04777352787492
690 0.0432296525589632
691 0.0248088383017309
692 0.0213836322798145
693 0.0442140219261366
694 0.051442945280441
695 0.0643071208710524
696 0.00229410451084461
697 0.0238732134095085
698 -0.00311050405454444
699 0.00462797042606332
700 0.00776995789669196
